#    t(1)      varx(2)      vary(3)      varz(3)
3.494 0 0 0
3.4945 3.93692e-06 3.93964e-06 3.92942e-06
3.495 3.53887e-05 3.54599e-05 3.51934e-05
3.4955 9.80445e-05 9.83471e-05 9.72501e-05
3.496 0.000191365 0.000192102 0.00018949
3.4965 0.000314485 0.000315845 0.000311126
3.497 0.00046624 0.000468398 0.000461097
3.4975 0.000645227 0.00064841 0.000638101
3.498 0.000849939 0.000854531 0.00084053
3.4985 0.00107889 0.00108559 0.00106665
3.499 0.00133071 0.00134052 0.0013147
3.4995 0.00160415 0.00161847 0.001583
3.5 0.00189814 0.00191866 0.00187004
3.5005 0.00221171 0.00224037 0.00217445
3.501 0.00254398 0.0025829 0.00249509
3.5015 0.00289437 0.00294553 0.00283101
3.502 0.00326228 0.0033274 0.00318138
3.5025 0.00364736 0.00372757 0.0035456
3.503 0.00404932 0.0041451 0.00392306
3.5035 0.00446769 0.00457879 0.00431308
3.504 0.00490199 0.00502742 0.00471493
3.5045 0.00535137 0.00548963 0.00512761
3.505 0.00581489 0.00596397 0.00554996
3.5055 0.00629123 0.006449 0.00598051
3.506 0.00677908 0.00694329 0.00641776
3.5065 0.00727696 0.00744554 0.00686006
3.507 0.00778355 0.00795453 0.00730575
3.5075 0.00829773 0.00846925 0.00775361
3.508 0.00881859 0.00898855 0.00820242
3.5085 0.00934529 0.0095117 0.00865152
3.509 0.00987744 0.0100378 0.00910048
3.5095 0.0104146 0.0105661 0.00954923
3.51 0.0109564 0.0110958 0.00999784
3.5105 0.0115026 0.0116263 0.0104464
3.511 0.012053 0.0121569 0.0108954
3.5115 0.0126072 0.012687 0.0113447
3.512 0.0131651 0.013216 0.0117946
3.5125 0.0137263 0.0137435 0.0122452
3.513 0.0142906 0.0142691 0.0126965
3.5135 0.0148574 0.0147925 0.0131489
3.514 0.0154263 0.0153136 0.0136026
3.5145 0.0159965 0.015832 0.0140583
3.515 0.0165672 0.0163477 0.0145164
3.5155 0.0171371 0.0168605 0.0149777
3.516 0.0177052 0.0173706 0.0154431
3.5165 0.01827 0.0178778 0.015913
3.517 0.0188305 0.0183821 0.0163881
3.5175 0.0193853 0.0188838 0.0168689
3.518 0.0199338 0.0193828 0.0173554
3.5185 0.0204749 0.019879 0.017848
3.519 0.021008 0.0203722 0.0183463
3.5195 0.0215323 0.0208618 0.01885
3.52 0.0220471 0.021347 0.0193585
3.5205 0.0225513 0.0218267 0.0198715
3.521 0.0230443 0.0222997 0.0203879
3.5215 0.0235253 0.0227647 0.0209072
3.522 0.0239942 0.0232213 0.021429
3.5225 0.0244508 0.0236689 0.0219527
3.523 0.0248953 0.0241077 0.0224778
3.5235 0.0253281 0.0245378 0.0230038
3.524 0.0257495 0.0249598 0.0235303
3.5245 0.0261595 0.0253742 0.0240569
3.525 0.0265585 0.0257813 0.024583
3.5255 0.0269459 0.0261818 0.025108
3.526 0.0273213 0.0265758 0.0256312
3.5265 0.0276845 0.0269643 0.0261523
3.527 0.0280351 0.0273479 0.0266705
3.5275 0.0283733 0.0277276 0.027186
3.528 0.0286992 0.0281047 0.0276984
3.5285 0.029014 0.0284806 0.0282078
3.529 0.0293187 0.028857 0.0287147
3.5295 0.029615 0.0292356 0.0292193
3.53 0.0299046 0.0296185 0.0297222
3.5305 0.0301895 0.0300073 0.0302238
3.531 0.0304713 0.0304039 0.0307248
3.5315 0.0307522 0.0308096 0.0312253
3.532 0.031033 0.031226 0.0317261
3.5325 0.0313153 0.0316535 0.0322272
3.533 0.0315996 0.0320929 0.0327292
3.5335 0.0318865 0.0325442 0.0332322
3.534 0.0321762 0.0330076 0.0337364
3.5345 0.032469 0.0334828 0.0342419
3.535 0.0327649 0.0339693 0.0347487
3.5355 0.033064 0.0344665 0.0352564
3.536 0.0333662 0.0349737 0.0357652
3.5365 0.0336718 0.0354908 0.0362747
3.537 0.0339805 0.0360172 0.0367847
3.5375 0.0342926 0.0365525 0.0372947
3.538 0.0346081 0.0370965 0.0378052
3.5385 0.0349269 0.0376491 0.0383154
3.539 0.0352489 0.03821 0.0388261
3.5395 0.0355741 0.0387789 0.0393376
3.54 0.0359023 0.0393558 0.0398505
3.5405 0.0362335 0.0399405 0.0403653
3.541 0.0365677 0.0405324 0.0408829
3.5415 0.0369044 0.0411311 0.0414041
3.542 0.0372439 0.0417359 0.0419299
3.5425 0.0375855 0.0423462 0.0424611
3.543 0.0379295 0.0429608 0.0429986
3.5435 0.0382759 0.0435793 0.0435432
3.544 0.0386246 0.0442006 0.0440959
3.5445 0.038976 0.0448239 0.044657
3.545 0.0393303 0.0454484 0.0452272
3.5455 0.0396882 0.0460731 0.0458069
3.546 0.0400501 0.0466974 0.0463963
3.5465 0.0404167 0.0473202 0.0469952
3.547 0.0407883 0.0479406 0.0476035
3.5475 0.041166 0.0485578 0.0482205
3.548 0.0415498 0.0491701 0.0488455
3.5485 0.0419402 0.0497765 0.0494779
3.549 0.0423374 0.0503755 0.0501161
3.5495 0.0427413 0.0509651 0.050759
3.55 0.0431515 0.0515439 0.0514051
3.5505 0.0435674 0.0521094 0.0520528
3.551 0.0439891 0.05266 0.0527003
3.5515 0.0444152 0.0531938 0.0533462
3.552 0.0448451 0.0537093 0.0539888
3.5525 0.0452787 0.0542061 0.054627
3.553 0.0457148 0.054684 0.0552594
3.5535 0.046153 0.0551434 0.0558856
3.554 0.0465926 0.0555851 0.0565041
3.5545 0.047033 0.0560105 0.0571145
3.555 0.0474734 0.0564208 0.0577159
3.5555 0.0479135 0.0568177 0.0583072
3.556 0.0483528 0.0572029 0.0588878
3.5565 0.0487908 0.0575784 0.0594562
3.557 0.0492278 0.0579463 0.0600115
3.5575 0.0496634 0.0583088 0.0605525
3.558 0.0500982 0.0586678 0.061078
3.5585 0.0505323 0.0590259 0.0615877
3.559 0.0509664 0.059385 0.0620813
3.5595 0.0514007 0.0597467 0.062559
3.56 0.0518362 0.0601131 0.0630223
3.5605 0.0522723 0.0604851 0.0634732
3.561 0.0527097 0.0608644 0.0639135
3.5615 0.0531481 0.0612517 0.0643456
3.562 0.053587 0.0616474 0.0647715
3.5625 0.0540256 0.0620518 0.0651931
3.563 0.0544629 0.0624644 0.0656114
3.5635 0.0548976 0.0628852 0.0660278
3.564 0.0553285 0.0633131 0.0664432
3.5645 0.0557538 0.0637474 0.0668585
3.565 0.0561723 0.0641873 0.0672742
3.5655 0.0565826 0.0646316 0.0676913
3.566 0.056984 0.0650796 0.0681105
3.5665 0.0573759 0.0655304 0.0685328
3.567 0.057758 0.0659834 0.0689588
3.5675 0.0581301 0.0664377 0.0693895
3.568 0.0584925 0.0668929 0.069825
3.5685 0.058845 0.0673482 0.0702657
3.569 0.0591879 0.0678031 0.0707115
3.5695 0.0595212 0.068257 0.0711626
3.57 0.0598449 0.0687096 0.0716185
3.5705 0.0601594 0.0691607 0.0720791
3.571 0.0604647 0.0696097 0.0725441
3.5715 0.0607614 0.0700572 0.0730132
3.572 0.0610498 0.0705037 0.0734858
3.5725 0.0613307 0.0709497 0.0739619
3.573 0.0616052 0.0713963 0.0744409
3.5735 0.0618739 0.0718447 0.0749222
3.574 0.0621378 0.0722958 0.075405
3.5745 0.0623981 0.0727504 0.0758886
3.575 0.0626553 0.0732095 0.0763719
3.5755 0.0629103 0.0736732 0.0768543
3.576 0.0631634 0.0741417 0.0773348
3.5765 0.0634152 0.0746148 0.0778134
3.577 0.063666 0.0750918 0.0782893
3.5775 0.0639157 0.0755719 0.0787627
3.578 0.0641645 0.076054 0.0792333
3.5785 0.0644127 0.0765366 0.0797015
3.579 0.06466 0.0770185 0.080168
3.5795 0.0649067 0.0774982 0.0806328
3.58 0.0651527 0.0779742 0.0810968
3.5805 0.0653986 0.0784459 0.0815603
3.581 0.0656446 0.0789118 0.0820242
3.5815 0.0658915 0.079372 0.0824889
3.582 0.0661397 0.0798262 0.0829549
3.5825 0.0663896 0.0802746 0.0834231
3.583 0.0666423 0.0807181 0.0838941
3.5835 0.0668977 0.0811568 0.0843687
3.584 0.0671568 0.0815921 0.0848475
3.5845 0.0674194 0.0820248 0.0853311
3.585 0.0676855 0.0824562 0.0858203
3.5855 0.0679547 0.0828865 0.0863148
3.586 0.0682266 0.0833168 0.0868145
3.5865 0.0685004 0.0837478 0.0873194
3.587 0.0687757 0.0841792 0.0878283
3.5875 0.0690519 0.0846113 0.0883399
3.588 0.0693286 0.0850445 0.0888529
3.5885 0.0696059 0.0854785 0.0893658
3.589 0.0698834 0.0859133 0.0898769
3.5895 0.0701622 0.0863492 0.0903851
3.59 0.0704424 0.0867864 0.0908894
3.5905 0.0707258 0.0872253 0.0913895
3.591 0.0710131 0.0876669 0.0918855
3.5915 0.0713058 0.0881112 0.0923778
3.592 0.0716051 0.0885594 0.0928669
3.5925 0.0719122 0.0890122 0.0933538
3.593 0.0722279 0.0894701 0.0938393
3.5935 0.0725529 0.0899333 0.0943241
3.594 0.0728869 0.090402 0.0948087
3.5945 0.0732303 0.0908768 0.0952935
3.595 0.0735823 0.0913575 0.0957789
3.5955 0.073942 0.0918435 0.0962649
3.596 0.0743083 0.0923346 0.0967509
3.5965 0.0746799 0.0928303 0.097237
3.597 0.0750555 0.0933298 0.0977222
3.5975 0.0754337 0.0938319 0.0982067
3.598 0.0758132 0.0943353 0.0986892
3.5985 0.0761929 0.094839 0.0991702
3.599 0.0765714 0.0953415 0.099649
3.5995 0.0769482 0.0958416 0.100127
3.6 0.0773225 0.0963377 0.100603
3.6005 0.0776945 0.0968294 0.101079
3.601 0.0780639 0.0973157 0.101556
3.6015 0.0784316 0.097796 0.102035
3.602 0.0787979 0.09827 0.102517
3.6025 0.0791633 0.0987376 0.103002
3.603 0.0795291 0.0991989 0.103491
3.6035 0.079895 0.0996543 0.103984
3.604 0.0802618 0.100105 0.104483
3.6045 0.08063 0.100551 0.104986
3.605 0.0809999 0.100993 0.105494
3.6055 0.0813716 0.101434 0.106007
3.606 0.0817457 0.101873 0.106525
3.6065 0.0821223 0.102313 0.107046
3.607 0.0825011 0.102754 0.107571
3.6075 0.0828827 0.103198 0.1081
3.608 0.0832664 0.103646 0.108632
3.6085 0.0836521 0.1041 0.109169
3.609 0.0840395 0.104561 0.109709
3.6095 0.0844279 0.105031 0.110253
3.61 0.0848164 0.10551 0.110801
3.6105 0.0852046 0.105999 0.111353
3.611 0.0855917 0.106498 0.111908
3.6115 0.0859769 0.107006 0.112467
3.612 0.0863593 0.107522 0.113029
3.6125 0.0867383 0.108046 0.113593
3.613 0.0871133 0.108575 0.114159
3.6135 0.0874842 0.109108 0.114725
3.614 0.0878503 0.109645 0.115291
3.6145 0.0882121 0.110183 0.115857
3.615 0.0885695 0.110722 0.116422
3.6155 0.0889236 0.111261 0.116987
3.616 0.0892747 0.1118 0.11755
3.6165 0.0896234 0.112339 0.118113
3.617 0.089971 0.112877 0.118675
3.6175 0.0903179 0.113415 0.119236
3.618 0.0906653 0.113952 0.119798
3.6185 0.0910139 0.114488 0.120359
3.619 0.0913645 0.115025 0.120922
3.6195 0.0917183 0.115561 0.121484
3.62 0.0920758 0.116098 0.122049
3.6205 0.0924383 0.116635 0.122615
3.621 0.092806 0.117173 0.123184
3.6215 0.09318 0.117713 0.123757
3.622 0.0935602 0.118254 0.124333
3.6225 0.0939473 0.118797 0.124913
3.623 0.0943407 0.119341 0.125498
3.6235 0.0947405 0.119887 0.126088
3.624 0.0951461 0.120435 0.126683
3.6245 0.0955568 0.120985 0.127285
3.625 0.095972 0.121537 0.127892
3.6255 0.0963903 0.122093 0.128504
3.626 0.0968113 0.122654 0.129123
3.6265 0.0972341 0.123221 0.129746
3.627 0.0976576 0.123796 0.130374
3.6275 0.0980808 0.124379 0.131005
3.628 0.0985035 0.124973 0.131639
3.6285 0.0989241 0.125578 0.132273
3.629 0.0993423 0.126194 0.132906
3.6295 0.0997573 0.126823 0.133536
3.63 0.100168 0.127464 0.13416
3.6305 0.100576 0.128117 0.134777
3.631 0.100979 0.12878 0.135383
3.6315 0.101378 0.129455 0.135979
3.632 0.101776 0.130139 0.136561
3.6325 0.102173 0.130831 0.13713
3.633 0.102571 0.13153 0.137683
3.6335 0.102971 0.132234 0.138221
3.634 0.103375 0.132941 0.138744
3.6345 0.103784 0.133651 0.139253
3.635 0.104199 0.134362 0.139747
3.6355 0.10462 0.135074 0.140228
3.636 0.105048 0.135785 0.140699
3.6365 0.105482 0.136494 0.141161
3.637 0.105924 0.137202 0.141616
3.6375 0.106371 0.137908 0.142066
3.638 0.106824 0.138611 0.142512
3.6385 0.107282 0.139312 0.142957
3.639 0.107745 0.140009 0.143401
3.6395 0.108212 0.140702 0.143845
3.64 0.108682 0.14139 0.144291
3.6405 0.109155 0.142073 0.144739
3.641 0.109632 0.142751 0.145188
3.6415 0.110111 0.143422 0.145639
3.642 0.110594 0.144086 0.146092
3.6425 0.111078 0.144742 0.146546
3.643 0.111563 0.145389 0.147003
3.6435 0.112049 0.146028 0.147461
3.644 0.112534 0.146655 0.147922
3.6445 0.113017 0.147273 0.148386
3.645 0.113498 0.147878 0.148854
3.6455 0.113977 0.148472 0.149324
3.646 0.114454 0.149055 0.149797
3.6465 0.114929 0.149627 0.150272
3.647 0.115402 0.150189 0.15075
3.6475 0.115875 0.150742 0.151228
3.648 0.116346 0.151287 0.151706
3.6485 0.116816 0.151826 0.152185
3.649 0.117286 0.152359 0.152662
3.6495 0.117757 0.152888 0.153138
3.65 0.118228 0.153416 0.153612
3.6505 0.118701 0.153944 0.154085
3.651 0.119177 0.154473 0.154555
3.6515 0.119656 0.155005 0.155024
3.652 0.120138 0.155543 0.155491
3.6525 0.120626 0.156087 0.155957
3.653 0.121117 0.156639 0.156423
3.6535 0.121613 0.157201 0.156889
3.654 0.122111 0.157772 0.157356
3.6545 0.122612 0.158356 0.157824
3.655 0.123112 0.158952 0.158293
3.6555 0.123611 0.159562 0.158764
3.656 0.124107 0.160186 0.159237
3.6565 0.124597 0.160824 0.159711
3.657 0.125081 0.161477 0.160185
3.6575 0.125555 0.162145 0.16066
3.658 0.12602 0.162827 0.161134
3.6585 0.126472 0.163523 0.161607
3.659 0.126911 0.164233 0.162077
3.6595 0.127334 0.164957 0.162543
3.66 0.12774 0.165694 0.163005
3.6605 0.128128 0.166444 0.163461
3.661 0.128499 0.167206 0.16391
3.6615 0.128851 0.167979 0.164352
3.662 0.129186 0.168762 0.164786
3.6625 0.129505 0.169552 0.16521
3.663 0.129809 0.170349 0.165623
3.6635 0.130099 0.17115 0.166025
3.664 0.130376 0.171951 0.166416
3.6645 0.13064 0.172751 0.166794
3.665 0.130892 0.173545 0.16716
3.6655 0.131131 0.174332 0.167514
3.666 0.131359 0.175107 0.167857
3.6665 0.131575 0.17587 0.16819
3.667 0.131779 0.176618 0.168513
3.6675 0.131975 0.17735 0.168828
3.668 0.13216 0.178066 0.169138
3.6685 0.132339 0.178763 0.169444
3.669 0.132513 0.179443 0.169748
3.6695 0.132684 0.180104 0.170054
3.67 0.132855 0.180746 0.170363
3.6705 0.133029 0.181368 0.170678
3.671 0.13321 0.181972 0.170998
3.6715 0.133399 0.182558 0.171326
3.672 0.1336 0.183128 0.171661
3.6725 0.133815 0.183682 0.172003
3.673 0.134046 0.184223 0.172351
3.6735 0.134295 0.184753 0.172705
3.674 0.134562 0.185275 0.173064
3.6745 0.134848 0.185791 0.173427
3.675 0.135153 0.186303 0.173793
3.6755 0.135476 0.186813 0.174162
3.676 0.135816 0.187323 0.174533
3.6765 0.136172 0.187835 0.174907
3.677 0.136541 0.188348 0.175283
3.6775 0.136922 0.188864 0.175663
3.678 0.137312 0.189382 0.176048
3.6785 0.137712 0.189901 0.176438
3.679 0.138118 0.190422 0.176835
3.6795 0.13853 0.190941 0.177241
3.68 0.138948 0.19146 0.177657
3.6805 0.139371 0.191975 0.178085
3.681 0.139798 0.192486 0.178528
3.6815 0.14023 0.192993 0.178985
3.682 0.140666 0.193493 0.179459
3.6825 0.141107 0.193987 0.179949
3.683 0.141554 0.194473 0.180455
3.6835 0.142005 0.194951 0.180979
3.684 0.142461 0.19542 0.181518
3.6845 0.142923 0.195878 0.182074
3.685 0.143391 0.196324 0.182644
3.6855 0.143863 0.196757 0.183228
3.686 0.144341 0.197176 0.183826
3.6865 0.144822 0.19758 0.184436
3.687 0.145308 0.197967 0.185059
3.6875 0.145797 0.198337 0.185694
3.688 0.146289 0.198691 0.186339
3.6885 0.146784 0.199026 0.186995
3.689 0.147279 0.199343 0.187659
3.6895 0.147774 0.199642 0.188333
3.69 0.148267 0.199923 0.189014
3.6905 0.148757 0.200186 0.189703
3.691 0.149241 0.200432 0.190399
3.6915 0.149718 0.200663 0.191103
3.692 0.150187 0.200879 0.191814
3.6925 0.150646 0.201083 0.192533
3.693 0.151094 0.201276 0.193259
3.6935 0.15153 0.201461 0.193993
3.694 0.151954 0.20164 0.194736
3.6945 0.152365 0.201815 0.195486
3.695 0.152764 0.201989 0.196246
3.6955 0.15315 0.202165 0.197013
3.696 0.153525 0.202344 0.197789
3.6965 0.153889 0.202529 0.198574
3.697 0.154243 0.202722 0.199365
3.6975 0.154589 0.202926 0.200164
3.698 0.154927 0.203143 0.20097
3.6985 0.155259 0.203372 0.201781
3.699 0.155584 0.203616 0.202596
3.6995 0.155903 0.203875 0.203415
3.7 0.156215 0.204149 0.204236
3.7005 0.156521 0.204438 0.205058
3.701 0.156821 0.20474 0.20588
3.7015 0.157115 0.205056 0.206699
3.702 0.157404 0.205385 0.207516
3.7025 0.15769 0.205726 0.208329
3.703 0.157977 0.206078 0.209139
3.7035 0.158266 0.206443 0.209945
3.704 0.158561 0.206819 0.210747
3.7045 0.158865 0.207205 0.211544
3.705 0.15918 0.207603 0.212335
3.7055 0.159509 0.20801 0.213123
3.706 0.159853 0.208426 0.213907
3.7065 0.160214 0.208851 0.214686
3.707 0.160592 0.209283 0.215463
3.7075 0.160989 0.20972 0.216236
3.708 0.161404 0.210161 0.217007
3.7085 0.161837 0.210605 0.217776
3.709 0.162286 0.211049 0.218543
3.7095 0.162752 0.211494 0.219308
3.71 0.163231 0.211936 0.220071
3.7105 0.163723 0.212376 0.220834
3.711 0.164226 0.212815 0.221597
3.7115 0.164737 0.21325 0.222359
3.712 0.165257 0.213684 0.223123
3.7125 0.165783 0.214115 0.223889
3.713 0.166314 0.214546 0.224657
3.7135 0.166849 0.214974 0.225429
3.714 0.167387 0.215401 0.226204
3.7145 0.167928 0.215828 0.226984
3.715 0.16847 0.216253 0.227769
3.7155 0.169013 0.216677 0.228559
3.716 0.169554 0.217099 0.229355
3.7165 0.170093 0.21752 0.230156
3.717 0.17063 0.217941 0.230963
3.7175 0.171162 0.218361 0.231777
3.718 0.171689 0.218783 0.232596
3.7185 0.172211 0.219208 0.233421
3.719 0.172724 0.219639 0.234252
3.7195 0.173228 0.220079 0.235088
3.72 0.173722 0.220529 0.23593
3.7205 0.174203 0.220992 0.236777
3.721 0.174672 0.22147 0.237628
3.7215 0.175126 0.221964 0.238483
3.722 0.175566 0.222476 0.23934
3.7225 0.175991 0.223006 0.2402
3.723 0.176401 0.223555 0.241059
3.7235 0.176798 0.224123 0.241916
3.724 0.177181 0.224708 0.242772
3.7245 0.177553 0.225309 0.243624
3.725 0.177914 0.225925 0.244472
3.7255 0.178267 0.226552 0.245315
3.726 0.178614 0.227188 0.246153
3.7265 0.178958 0.22783 0.246986
3.727 0.179302 0.228475 0.247815
3.7275 0.179648 0.229119 0.248638
3.728 0.179999 0.22976 0.249456
3.7285 0.180355 0.230396 0.250269
3.729 0.180719 0.231023 0.251077
3.7295 0.181091 0.231641 0.251878
3.73 0.18147 0.232248 0.252672
3.7305 0.181857 0.232843 0.25346
3.731 0.182249 0.233426 0.25424
3.7315 0.182645 0.233995 0.255013
3.732 0.183045 0.234551 0.255779
3.7325 0.183447 0.23509 0.25654
3.733 0.183849 0.235614 0.257296
3.7335 0.184252 0.23612 0.25805
3.734 0.184653 0.236608 0.258802
3.7345 0.185055 0.237077 0.259554
3.735 0.185455 0.237527 0.260309
3.7355 0.185853 0.237956 0.261067
3.736 0.186252 0.238366 0.261829
3.7365 0.186649 0.238756 0.262597
3.737 0.187047 0.239129 0.26337
3.7375 0.187445 0.239483 0.264148
3.738 0.187842 0.23982 0.26493
3.7385 0.188239 0.240141 0.265713
3.739 0.188633 0.240447 0.266497
3.7395 0.189023 0.240738 0.26728
3.74 0.189408 0.241014 0.268061
3.7405 0.189787 0.241279 0.268838
3.741 0.190157 0.241533 0.269612
3.7415 0.190518 0.241779 0.270382
3.742 0.19087 0.242016 0.271149
3.7425 0.191212 0.242247 0.271912
3.743 0.191545 0.242471 0.272672
3.7435 0.191869 0.24269 0.273429
3.744 0.192185 0.242903 0.274182
3.7445 0.192493 0.243111 0.274931
3.745 0.192795 0.243312 0.275675
3.7455 0.193091 0.243506 0.276412
3.746 0.193383 0.243691 0.277142
3.7465 0.193672 0.243865 0.277862
3.747 0.193961 0.244026 0.278572
3.7475 0.194251 0.244175 0.27927
3.748 0.194545 0.244312 0.279955
3.7485 0.194844 0.244436 0.280625
3.749 0.195152 0.244552 0.281279
3.7495 0.19547 0.244662 0.281916
3.75 0.195802 0.244771 0.282535
3.7505 0.196148 0.244881 0.283135
3.751 0.19651 0.244998 0.283714
3.7515 0.196888 0.245124 0.284273
3.752 0.197284 0.24526 0.28481
3.7525 0.197695 0.245408 0.285328
3.753 0.19812 0.245569 0.285825
3.7535 0.198559 0.245743 0.286303
3.754 0.199007 0.245931 0.286764
3.7545 0.199462 0.246132 0.287209
3.755 0.199921 0.246346 0.28764
3.7555 0.20038 0.246572 0.288058
3.756 0.200838 0.246811 0.288463
3.7565 0.20129 0.247061 0.288858
3.757 0.201736 0.247323 0.289244
3.7575 0.202173 0.247595 0.289621
3.758 0.2026 0.247877 0.289991
3.7585 0.203017 0.248169 0.290355
3.759 0.203424 0.248469 0.290716
3.7595 0.203819 0.248779 0.291075
3.76 0.204205 0.249098 0.291434
3.7605 0.20458 0.249425 0.291795
3.761 0.204945 0.249762 0.292157
3.7615 0.205302 0.250108 0.292522
3.762 0.205651 0.250464 0.29289
3.7625 0.205992 0.250831 0.293261
3.763 0.206327 0.251209 0.293636
3.7635 0.206656 0.2516 0.294014
3.764 0.206982 0.252004 0.294398
3.7645 0.207305 0.252423 0.294787
3.765 0.207626 0.252857 0.295183
3.7655 0.207946 0.253308 0.295588
3.766 0.208266 0.253777 0.296002
3.7665 0.208586 0.254263 0.296426
3.767 0.208908 0.254767 0.296862
3.7675 0.209232 0.255289 0.297309
3.768 0.209558 0.255828 0.297769
3.7685 0.209888 0.256385 0.298243
3.769 0.21022 0.25696 0.298729
3.7695 0.210556 0.257551 0.299229
3.77 0.210895 0.25816 0.299744
3.7705 0.211237 0.258785 0.300272
3.771 0.21158 0.259428 0.300815
3.7715 0.211924 0.260089 0.301373
3.772 0.212269 0.260768 0.301946
3.7725 0.212613 0.261465 0.302531
3.773 0.212956 0.262181 0.30313
3.7735 0.213297 0.262915 0.303741
3.774 0.213636 0.263667 0.304362
3.7745 0.213974 0.264434 0.304991
3.775 0.21431 0.265215 0.305627
3.7755 0.214646 0.266008 0.306269
3.776 0.214982 0.26681 0.306912
3.7765 0.215317 0.267619 0.307556
3.777 0.215653 0.268433 0.308199
3.7775 0.215988 0.269248 0.308839
3.778 0.216322 0.270062 0.309475
3.7785 0.216653 0.270874 0.310106
3.779 0.216981 0.27168 0.310732
3.7795 0.217304 0.272479 0.311351
3.78 0.217619 0.273269 0.311966
3.7805 0.217928 0.274048 0.312575
3.781 0.218228 0.274813 0.313182
3.7815 0.21852 0.275565 0.313786
3.782 0.218802 0.276301 0.31439
3.7825 0.219075 0.277021 0.314994
3.783 0.219339 0.277723 0.315602
3.7835 0.219595 0.278408 0.316213
3.784 0.219844 0.279076 0.31683
3.7845 0.220086 0.279725 0.317452
3.785 0.220324 0.280357 0.31808
3.7855 0.220558 0.280972 0.318712
3.786 0.220792 0.281571 0.319347
3.7865 0.221027 0.282154 0.319981
3.787 0.221266 0.282722 0.320612
3.7875 0.221509 0.283275 0.321237
3.788 0.221758 0.283814 0.321852
3.7885 0.222015 0.28434 0.322456
3.789 0.22228 0.284852 0.323047
3.7895 0.222552 0.285351 0.323622
3.79 0.222832 0.285835 0.324182
3.7905 0.22312 0.286306 0.324724
3.791 0.223417 0.286761 0.325252
3.7915 0.223723 0.287202 0.325763
3.792 0.224039 0.287628 0.32626
3.7925 0.224368 0.288038 0.326745
3.793 0.224709 0.288435 0.327218
3.7935 0.225064 0.28882 0.327681
3.794 0.225434 0.289192 0.328135
3.7945 0.225819 0.289556 0.328583
3.795 0.226217 0.28991 0.329025
3.7955 0.226628 0.290259 0.329461
3.796 0.227049 0.290601 0.329892
3.7965 0.22748 0.29094 0.330318
3.797 0.22792 0.291277 0.330739
3.7975 0.228365 0.291613 0.331153
3.798 0.228816 0.291949 0.33156
3.7985 0.229272 0.292288 0.331959
3.799 0.229731 0.292631 0.332347
3.7995 0.230194 0.292979 0.332724
3.8 0.23066 0.293334 0.333088
3.8005 0.23113 0.293697 0.333439
3.801 0.231604 0.294069 0.333776
3.8015 0.232085 0.294453 0.334099
3.802 0.232573 0.294849 0.334408
3.8025 0.233069 0.295256 0.334706
3.803 0.233576 0.295675 0.334993
3.8035 0.234093 0.296107 0.335271
3.804 0.234621 0.29655 0.335544
3.8045 0.235159 0.297004 0.335814
3.805 0.235706 0.297468 0.336083
3.8055 0.236261 0.297941 0.336356
3.806 0.236825 0.298423 0.336635
3.8065 0.237398 0.298911 0.336923
3.807 0.23798 0.299406 0.337222
3.8075 0.238575 0.299906 0.337536
3.808 0.239183 0.300412 0.337864
3.8085 0.239805 0.300921 0.338207
3.809 0.240444 0.301437 0.338567
3.8095 0.2411 0.301958 0.33894
3.81 0.241773 0.302485 0.339327
3.8105 0.242462 0.303019 0.339726
3.811 0.243166 0.303558 0.340132
3.8115 0.243885 0.304101 0.340546
3.812 0.244616 0.304643 0.340962
3.8125 0.245358 0.305182 0.34138
3.813 0.246108 0.305715 0.341797
3.8135 0.246863 0.306236 0.342213
3.814 0.247621 0.306743 0.342624
3.8145 0.24838 0.307232 0.343032
3.815 0.249137 0.307701 0.343436
3.8155 0.249889 0.308148 0.343835
3.816 0.250636 0.308571 0.34423
3.8165 0.251374 0.30897 0.344621
3.817 0.252103 0.309346 0.345008
3.8175 0.252819 0.309696 0.345391
3.818 0.253522 0.310023 0.34577
3.8185 0.25421 0.310327 0.346148
3.819 0.254882 0.310609 0.346525
3.8195 0.255537 0.31087 0.346904
3.82 0.256177 0.31111 0.347286
3.8205 0.256804 0.311334 0.347673
3.821 0.257419 0.311542 0.34807
3.8215 0.258026 0.311737 0.348478
3.822 0.258626 0.311922 0.348902
3.8225 0.259222 0.3121 0.349341
3.823 0.259816 0.312274 0.349799
3.8235 0.260407 0.312445 0.350276
3.824 0.260997 0.312617 0.350775
3.8245 0.261583 0.312792 0.351296
3.825 0.262166 0.312972 0.351837
3.8255 0.262743 0.313158 0.3524
3.826 0.263312 0.31335 0.352983
3.8265 0.263869 0.31355 0.353584
3.827 0.264416 0.313756 0.354201
3.8275 0.264948 0.313968 0.354831
3.828 0.265466 0.314186 0.355473
3.8285 0.265971 0.314408 0.356123
3.829 0.266461 0.314632 0.356779
3.8295 0.266938 0.314858 0.357439
3.83 0.267405 0.315084 0.3581
3.8305 0.267863 0.31531 0.35876
3.831 0.268315 0.315535 0.359419
3.8315 0.268762 0.31576 0.360075
3.832 0.269205 0.315986 0.360729
3.8325 0.269646 0.316214 0.361379
3.833 0.270087 0.316448 0.362027
3.8335 0.270527 0.316688 0.362672
3.834 0.270967 0.316938 0.363315
3.8345 0.271405 0.317199 0.363956
3.835 0.27184 0.317471 0.364593
3.8355 0.272271 0.317755 0.365227
3.836 0.272696 0.31805 0.365856
3.8365 0.273113 0.318353 0.366482
3.837 0.273521 0.318664 0.367103
3.8375 0.273919 0.318978 0.367721
3.838 0.274305 0.319293 0.368338
3.8385 0.27468 0.319607 0.368953
3.839 0.275041 0.319917 0.369569
3.8395 0.275389 0.320222 0.370187
3.84 0.275723 0.320522 0.370808
3.8405 0.276044 0.320817 0.371431
3.841 0.276352 0.321107 0.372057
3.8415 0.276648 0.321394 0.372684
3.842 0.276933 0.321677 0.373311
3.8425 0.27721 0.321959 0.373937
3.843 0.277482 0.322238 0.37456
3.8435 0.277749 0.322518 0.375177
3.844 0.278015 0.322798 0.375788
3.8445 0.278282 0.323081 0.376391
3.845 0.278551 0.323366 0.376985
3.8455 0.278824 0.323658 0.377569
3.846 0.279102 0.323955 0.378144
3.8465 0.279385 0.324259 0.378709
3.847 0.279672 0.324571 0.379264
3.8475 0.279963 0.324892 0.379809
3.848 0.280257 0.325222 0.380346
3.8485 0.280553 0.325561 0.380874
3.849 0.280847 0.32591 0.381395
3.8495 0.28114 0.326268 0.381907
3.85 0.281428 0.326636 0.382413
3.8505 0.28171 0.327012 0.382911
3.851 0.281986 0.327396 0.383401
3.8515 0.282252 0.327786 0.383883
3.852 0.282508 0.328179 0.384356
3.8525 0.282753 0.328576 0.384818
3.853 0.282986 0.328972 0.38527
3.8535 0.283206 0.329365 0.38571
3.854 0.283416 0.329754 0.38614
3.8545 0.283614 0.330137 0.386559
3.855 0.283803 0.330513 0.386968
3.8555 0.283984 0.330879 0.387368
3.856 0.284159 0.331237 0.387761
3.8565 0.284328 0.331584 0.388147
3.857 0.284494 0.331921 0.388527
3.8575 0.284658 0.332248 0.388903
3.858 0.28482 0.332564 0.389276
3.8585 0.284981 0.332871 0.389645
3.859 0.285143 0.333168 0.390013
3.8595 0.285305 0.333458 0.390379
3.86 0.285466 0.333742 0.390745
3.8605 0.285628 0.334021 0.39111
3.861 0.28579 0.334296 0.391476
3.8615 0.285952 0.334573 0.391845
3.862 0.286114 0.334852 0.392218
3.8625 0.286275 0.335137 0.392596
3.863 0.286435 0.335431 0.392981
3.8635 0.286596 0.335736 0.393374
3.864 0.286755 0.336056 0.393775
3.8645 0.286916 0.336393 0.394184
3.865 0.287079 0.336748 0.394601
3.8655 0.287246 0.337123 0.395026
3.866 0.287417 0.337517 0.395457
3.8665 0.287598 0.337929 0.395893
3.867 0.287787 0.33836 0.396331
3.8675 0.287988 0.338806 0.396771
3.868 0.288204 0.339267 0.39721
3.8685 0.288435 0.339738 0.397645
3.869 0.288682 0.340219 0.398075
3.8695 0.288946 0.340707 0.398497
3.87 0.289228 0.341201 0.39891
3.8705 0.289529 0.341698 0.399313
3.871 0.289847 0.3422 0.399704
3.8715 0.290183 0.342705 0.400085
3.872 0.290537 0.343213 0.400455
3.8725 0.290908 0.343724 0.400816
3.873 0.291295 0.344239 0.40117
3.8735 0.291696 0.344757 0.401518
3.874 0.292112 0.345279 0.401865
3.8745 0.292541 0.345805 0.402212
3.875 0.292981 0.346334 0.402561
3.8755 0.29343 0.346865 0.402917
3.876 0.293889 0.347397 0.403281
3.8765 0.294354 0.347928 0.403655
3.877 0.294826 0.348457 0.404038
3.8775 0.295302 0.348983 0.404431
3.878 0.295783 0.349503 0.404834
3.8785 0.296269 0.350018 0.405246
3.879 0.296759 0.350525 0.405664
3.8795 0.297256 0.351026 0.406088
3.88 0.297761 0.351518 0.406517
3.8805 0.298276 0.352003 0.40695
3.881 0.298802 0.35248 0.407386
3.8815 0.29934 0.352948 0.407825
3.882 0.299888 0.353408 0.408267
3.8825 0.300448 0.353859 0.408713
3.883 0.301015 0.354302 0.409162
3.8835 0.301591 0.354737 0.409616
3.884 0.302174 0.355165 0.410076
3.8845 0.302764 0.355588 0.410542
3.885 0.303359 0.356007 0.411014
3.8855 0.30396 0.356427 0.411495
3.886 0.304564 0.356849 0.411985
3.8865 0.305173 0.357277 0.412486
3.887 0.305787 0.357714 0.412997
3.8875 0.306403 0.358162 0.413519
3.888 0.307025 0.358622 0.414054
3.8885 0.307651 0.359096 0.4146
3.889 0.308282 0.359584 0.415157
3.8895 0.308918 0.360085 0.415724
3.89 0.309558 0.3606 0.416301
3.8905 0.310203 0.361127 0.416884
3.891 0.310851 0.361666 0.417472
3.8915 0.311504 0.362215 0.418061
3.892 0.312161 0.362773 0.41865
3.8925 0.312823 0.36334 0.419237
3.893 0.313492 0.363916 0.419818
3.8935 0.314169 0.3645 0.420395
3.894 0.314854 0.365095 0.420965
3.8945 0.315548 0.365696 0.421531
3.895 0.31625 0.366307 0.422091
3.8955 0.316958 0.366926 0.422649
3.896 0.317671 0.367551 0.423204
3.8965 0.318385 0.368182 0.423759
3.897 0.319098 0.368819 0.424314
3.8975 0.319806 0.369457 0.424871
3.898 0.320506 0.370096 0.425432
3.8985 0.321197 0.370734 0.425997
3.899 0.321875 0.371369 0.426566
3.8995 0.322538 0.371999 0.427141
3.9 0.323187 0.372622 0.427722
3.9005 0.323819 0.373235 0.428307
3.901 0.324432 0.373837 0.428897
3.9015 0.325026 0.374427 0.429489
3.902 0.3256 0.375005 0.430082
3.9025 0.326153 0.375568 0.430674
3.903 0.326684 0.376116 0.431262
3.9035 0.327191 0.376648 0.431845
3.904 0.327677 0.377163 0.43242
3.9045 0.32814 0.377664 0.432984
3.905 0.328583 0.378147 0.433537
3.9055 0.329008 0.378615 0.434077
3.906 0.329417 0.379066 0.434605
3.9065 0.329814 0.379502 0.43512
3.907 0.330203 0.379922 0.435621
3.9075 0.330586 0.380325 0.436111
3.908 0.330968 0.380712 0.436589
3.9085 0.33135 0.381084 0.437056
3.909 0.331734 0.381443 0.437512
3.9095 0.332123 0.381788 0.437958
3.91 0.332516 0.382123 0.438394
3.9105 0.332916 0.382449 0.43882
3.911 0.333324 0.382768 0.439237
3.9115 0.333738 0.383083 0.439642
3.912 0.334161 0.383396 0.440038
3.9125 0.334594 0.38371 0.440424
3.913 0.335035 0.384024 0.440799
3.9135 0.335486 0.38434 0.441164
3.914 0.335947 0.384659 0.441517
3.9145 0.336416 0.384981 0.44186
3.915 0.336894 0.385306 0.442191
3.9155 0.337379 0.385633 0.442513
3.916 0.33787 0.385962 0.442825
3.9165 0.338366 0.386293 0.443129
3.917 0.338865 0.386623 0.443427
3.9175 0.339365 0.386954 0.443722
3.918 0.339866 0.387282 0.444015
3.9185 0.340368 0.387607 0.444312
3.919 0.340868 0.387929 0.444615
3.9195 0.341369 0.388248 0.444927
3.92 0.341869 0.388562 0.445251
3.9205 0.342371 0.388873 0.445589
3.921 0.342877 0.38918 0.445943
3.9215 0.343388 0.389484 0.446314
3.922 0.343908 0.389785 0.4467
3.9225 0.34444 0.390084 0.447102
3.923 0.344988 0.390381 0.447518
3.9235 0.345555 0.390675 0.447948
3.924 0.346144 0.390967 0.448389
3.9245 0.346758 0.391256 0.448839
3.925 0.347399 0.391541 0.449299
3.9255 0.348068 0.391823 0.449766
3.926 0.348766 0.3921 0.45024
3.9265 0.349492 0.392373 0.450719
3.927 0.350243 0.39264 0.451205
3.9275 0.351019 0.392902 0.451695
3.928 0.351815 0.393158 0.452189
3.9285 0.352628 0.393407 0.452687
3.929 0.353455 0.393647 0.453186
3.9295 0.354292 0.393881 0.453686
3.93 0.355136 0.394106 0.454182
3.9305 0.355983 0.394323 0.454673
3.931 0.356831 0.394534 0.455154
3.9315 0.357678 0.394738 0.455622
3.932 0.358522 0.394938 0.456075
3.9325 0.359361 0.395131 0.456508
3.933 0.360194 0.395321 0.45692
3.9335 0.361017 0.395508 0.457307
3.934 0.36183 0.39569 0.457667
3.9345 0.362632 0.395871 0.458
3.935 0.36342 0.396049 0.458304
3.9355 0.364194 0.396227 0.458578
3.936 0.364953 0.396407 0.458824
3.9365 0.365698 0.396591 0.459042
3.937 0.366428 0.396781 0.459234
3.9375 0.367144 0.39698 0.459402
3.938 0.367847 0.397191 0.459549
3.9385 0.368537 0.397416 0.459676
3.939 0.369217 0.397661 0.459787
3.9395 0.369887 0.397927 0.459883
3.94 0.370547 0.398218 0.459967
3.9405 0.371198 0.398539 0.460042
3.941 0.371843 0.398894 0.460108
3.9415 0.372481 0.399286 0.460168
3.942 0.373112 0.399719 0.460222
3.9425 0.373739 0.400195 0.460271
3.943 0.374362 0.400715 0.460318
3.9435 0.374982 0.40128 0.460359
3.944 0.375599 0.401889 0.460397
3.9445 0.376215 0.402539 0.460433
3.945 0.37683 0.403228 0.460464
3.9455 0.377444 0.40395 0.460494
3.946 0.378058 0.404701 0.460522
3.9465 0.378672 0.405475 0.460551
3.947 0.379284 0.406263 0.460581
3.9475 0.379895 0.407061 0.460614
3.948 0.380505 0.40786 0.460651
3.9485 0.381113 0.408655 0.460694
3.949 0.381719 0.409438 0.460744
3.9495 0.382323 0.410205 0.460802
3.95 0.382925 0.410953 0.460868
3.9505 0.383525 0.411676 0.460944
3.951 0.384122 0.412373 0.46103
3.9515 0.384715 0.413044 0.461126
3.952 0.385305 0.413689 0.46123
3.9525 0.38589 0.414308 0.461345
3.953 0.386472 0.414902 0.461467
3.9535 0.387049 0.415474 0.461597
3.954 0.387622 0.416025 0.461733
3.9545 0.38819 0.416557 0.461874
3.955 0.388754 0.417073 0.462018
3.9555 0.389315 0.417575 0.462164
3.956 0.389874 0.418065 0.46231
3.9565 0.390428 0.418546 0.462455
3.957 0.390981 0.419021 0.462598
3.9575 0.391533 0.419491 0.462738
3.958 0.392083 0.419961 0.462873
3.9585 0.392632 0.420433 0.463002
3.959 0.39318 0.420908 0.463124
3.9595 0.393727 0.42139 0.463236
3.96 0.394273 0.42188 0.463338
3.9605 0.394818 0.422382 0.463428
3.961 0.395362 0.422896 0.463504
3.9615 0.395905 0.423425 0.463568
3.962 0.396448 0.423969 0.463617
3.9625 0.396991 0.42453 0.463653
3.963 0.397534 0.425108 0.463677
3.9635 0.398079 0.425702 0.46369
3.964 0.398626 0.426312 0.463693
3.9645 0.399177 0.426936 0.463688
3.965 0.399731 0.427573 0.463677
3.9655 0.400291 0.428222 0.46366
3.966 0.400857 0.428878 0.463639
3.9665 0.401431 0.42954 0.463615
3.967 0.402013 0.430207 0.463588
3.9675 0.402605 0.430875 0.46356
3.968 0.403209 0.431544 0.463529
3.9685 0.403827 0.432213 0.463498
3.969 0.404461 0.432882 0.463465
3.9695 0.405114 0.43355 0.463432
3.97 0.405788 0.43422 0.463399
3.9705 0.406487 0.434892 0.463367
3.971 0.407212 0.435565 0.463339
3.9715 0.407963 0.436242 0.463316
3.972 0.408742 0.436923 0.4633
3.9725 0.409547 0.437609 0.463296
3.973 0.410379 0.438298 0.463305
3.9735 0.411236 0.438994 0.46333
3.974 0.412118 0.439695 0.463374
3.9745 0.413025 0.440402 0.46344
3.975 0.413956 0.441115 0.463528
3.9755 0.414911 0.441833 0.463641
3.976 0.415887 0.442555 0.46378
3.9765 0.416885 0.443281 0.463946
3.977 0.417901 0.444009 0.464138
3.9775 0.418936 0.444737 0.464358
3.978 0.419987 0.445464 0.464606
3.9785 0.421053 0.446187 0.464879
3.979 0.422131 0.446904 0.465178
3.9795 0.423221 0.447612 0.465501
3.98 0.424322 0.448308 0.465845
3.9805 0.425432 0.44899 0.466209
3.981 0.426549 0.449655 0.466591
3.9815 0.427673 0.450301 0.466988
3.982 0.428801 0.450928 0.467398
3.9825 0.42993 0.451535 0.46782
3.983 0.431057 0.45212 0.468251
3.9835 0.432182 0.452683 0.468692
3.984 0.433304 0.453223 0.469139
3.9845 0.43442 0.453738 0.469594
3.985 0.43553 0.454229 0.470056
3.9855 0.436636 0.454691 0.470522
3.986 0.437736 0.455126 0.470992
3.9865 0.438831 0.455532 0.471467
3.987 0.43992 0.45591 0.471944
3.9875 0.441005 0.45626 0.472423
3.988 0.442084 0.456586 0.472904
3.9885 0.443155 0.45689 0.473389
3.989 0.444219 0.457179 0.473878
3.9895 0.445271 0.457454 0.474373
3.99 0.446312 0.457723 0.474876
3.9905 0.447336 0.457991 0.475389
3.991 0.448342 0.458261 0.475913
3.9915 0.449323 0.458537 0.476448
3.992 0.450278 0.458823 0.476994
3.9925 0.451201 0.459123 0.477552
3.993 0.452088 0.459438 0.478119
3.9935 0.452518 0.459603 0.478407
