#    t(1)      varx(2)      vary(3)      varz(3)
2.4955 0 0 0
2.496 3.82326e-06 3.82762e-06 3.83081e-06
2.4965 3.42536e-05 3.43613e-05 3.44336e-05
2.497 9.46296e-05 9.51174e-05 9.54802e-05
2.4975 0.000184335 0.000185617 0.000186693
2.498 0.000302659 0.000305155 0.000307684
2.4985 0.000448716 0.000452849 0.000457868
2.499 0.000621485 0.000627608 0.000636525
2.4995 0.000819795 0.00082815 0.000842769
2.5 0.00104238 0.00105303 0.00107555
2.5005 0.00128783 0.00130082 0.0013338
2.501 0.00155491 0.00157009 0.00161646
2.5015 0.00184246 0.00185956 0.00192258
2.502 0.00214965 0.00216821 0.00225144
2.5025 0.002476 0.00249537 0.00260236
2.503 0.00282116 0.00284053 0.00297487
2.5035 0.00318499 0.00320354 0.00336857
2.504 0.00356738 0.00358445 0.0037831
2.5045 0.00396786 0.00398326 0.0042182
2.505 0.00438619 0.00439997 0.00467359
2.5055 0.00482156 0.00483454 0.0051488
2.506 0.00527317 0.00528669 0.00564362
2.5065 0.00574017 0.00575595 0.0061572
2.507 0.00622139 0.00624163 0.00668876
2.5075 0.00671557 0.00674278 0.00723724
2.508 0.00722139 0.00725829 0.00780129
2.5085 0.00773745 0.00778687 0.00837934
2.509 0.00826213 0.00832694 0.00896961
2.5095 0.0087938 0.00887708 0.0095702
2.51 0.00933087 0.00943572 0.0101791
2.5105 0.0098716 0.0100014 0.0107946
2.511 0.0104145 0.0105728 0.0114151
2.5115 0.0109581 0.0111489 0.0120394
2.512 0.011501 0.0117285 0.0126665
2.5125 0.012042 0.0123112 0.0132964
2.513 0.01258 0.0128963 0.0139285
2.5135 0.0131137 0.0134831 0.0145627
2.514 0.013642 0.0140712 0.0151984
2.5145 0.0141635 0.0146601 0.0158354
2.515 0.0146772 0.0152489 0.0164727
2.5155 0.015182 0.0158374 0.0171096
2.516 0.0156767 0.0164246 0.0177452
2.5165 0.016161 0.0170104 0.0183783
2.517 0.0166344 0.0175939 0.0190086
2.5175 0.017097 0.0181751 0.019635
2.518 0.0175494 0.0187532 0.0202576
2.5185 0.0179927 0.0193281 0.0208759
2.519 0.0184279 0.0199 0.0214901
2.5195 0.0188563 0.0204684 0.0221005
2.52 0.0192797 0.0210339 0.0227072
2.5205 0.0196988 0.0215963 0.0233106
2.521 0.0201149 0.0221556 0.0239106
2.5215 0.0205288 0.0227118 0.0245077
2.522 0.0209408 0.023265 0.0251018
2.5225 0.0213512 0.023815 0.0256928
2.523 0.0217594 0.0243619 0.0262809
2.5235 0.0221654 0.0249061 0.0268662
2.524 0.0225683 0.0254483 0.0274487
2.5245 0.0229671 0.0259889 0.0280288
2.525 0.0233609 0.0265288 0.0286068
2.5255 0.0237486 0.0270685 0.0291831
2.526 0.0241292 0.0276081 0.0297582
2.5265 0.0245015 0.0281479 0.030332
2.527 0.0248648 0.0286876 0.030905
2.5275 0.0252185 0.0292267 0.0314774
2.528 0.025562 0.0297645 0.0320491
2.5285 0.0258956 0.0303004 0.0326199
2.529 0.0262196 0.0308334 0.03319
2.5295 0.0265346 0.0313629 0.0337589
2.53 0.0268415 0.0318883 0.0343266
2.5305 0.0271416 0.0324092 0.0348931
2.531 0.0274362 0.0329254 0.0354583
2.5315 0.0277264 0.0334371 0.0360223
2.532 0.0280137 0.0339446 0.0365853
2.5325 0.0282995 0.0344478 0.0371476
2.533 0.0285853 0.0349464 0.0377095
2.5335 0.0288722 0.0354403 0.0382712
2.534 0.0291617 0.0359292 0.0388325
2.5345 0.0294552 0.0364127 0.0393933
2.535 0.0297534 0.0368909 0.0399527
2.5355 0.0300575 0.0373642 0.0405103
2.536 0.0303681 0.037833 0.041065
2.5365 0.0306855 0.0382982 0.0416157
2.537 0.0310105 0.0387608 0.0421614
2.5375 0.0313432 0.0392221 0.0427014
2.538 0.0316843 0.0396834 0.0432349
2.5385 0.0320342 0.0401463 0.0437618
2.539 0.0323934 0.0406119 0.0442828
2.5395 0.0327627 0.041081 0.0447988
2.54 0.0331427 0.0415543 0.0453116
2.5405 0.0335339 0.0420323 0.0458226
2.541 0.0339367 0.0425151 0.046334
2.5415 0.0343517 0.0430023 0.0468471
2.542 0.0347788 0.0434936 0.0473633
2.5425 0.0352174 0.043988 0.0478837
2.543 0.0356673 0.0444839 0.0484092
2.5435 0.036127 0.0449796 0.04894
2.544 0.0365955 0.0454731 0.0494766
2.5445 0.0370706 0.0459619 0.0500189
2.545 0.037551 0.0464451 0.0505669
2.5455 0.0380346 0.0469224 0.0511202
2.546 0.0385195 0.047394 0.0516784
2.5465 0.0390045 0.0478613 0.0522405
2.547 0.0394879 0.0483252 0.0528055
2.5475 0.0399687 0.0487865 0.0533723
2.548 0.0404463 0.0492451 0.0539396
2.5485 0.04092 0.049701 0.0545061
2.549 0.0413897 0.0501532 0.0550707
2.5495 0.0418559 0.0506015 0.0556325
2.55 0.0423191 0.0510448 0.0561901
2.5505 0.0427799 0.0514826 0.0567425
2.551 0.043239 0.0519138 0.0572887
2.5515 0.0436968 0.0523378 0.0578276
2.552 0.0441539 0.0527538 0.0583582
2.5525 0.0446102 0.0531609 0.0588797
2.553 0.0450662 0.0535591 0.0593918
2.5535 0.0455227 0.0539476 0.0598947
2.554 0.0459799 0.0543264 0.0603885
2.5545 0.0464388 0.054696 0.0608747
2.555 0.0469005 0.0550566 0.0613545
2.5555 0.0473656 0.0554092 0.0618294
2.556 0.0478349 0.0557541 0.0623006
2.5565 0.0483087 0.0560925 0.0627694
2.557 0.0487873 0.0564256 0.0632363
2.5575 0.0492701 0.0567545 0.0637016
2.558 0.0497569 0.0570805 0.0641649
2.5585 0.0502465 0.0574047 0.0646255
2.559 0.0507376 0.0577282 0.0650824
2.5595 0.0512287 0.0580522 0.065534
2.56 0.051718 0.058377 0.0659785
2.5605 0.0522038 0.0587032 0.0664143
2.561 0.052684 0.0590311 0.0668396
2.5615 0.0531577 0.059361 0.0672528
2.562 0.0536239 0.0596924 0.0676531
2.5625 0.0540828 0.0600256 0.06804
2.563 0.0545346 0.0603604 0.0684139
2.5635 0.0549801 0.0606959 0.068775
2.564 0.0554205 0.061032 0.0691238
2.5645 0.0558563 0.061368 0.0694612
2.565 0.0562883 0.0617039 0.0697875
2.5655 0.0567172 0.0620399 0.0701027
2.566 0.0571436 0.0623766 0.070407
2.5665 0.0575678 0.0627155 0.0707001
2.567 0.0579902 0.0630584 0.0709821
2.5675 0.0584114 0.0634075 0.0712526
2.568 0.0588319 0.0637651 0.0715119
2.5685 0.0592515 0.0641336 0.0717598
2.569 0.0596708 0.0645151 0.071997
2.5695 0.0600893 0.0649115 0.072224
2.57 0.0605067 0.065324 0.0724415
2.5705 0.0609222 0.0657538 0.0726504
2.571 0.061335 0.0662011 0.0728522
2.5715 0.0617431 0.0666663 0.0730481
2.572 0.0621455 0.0671498 0.0732397
2.5725 0.0625404 0.0676517 0.0734283
2.573 0.0629267 0.0681722 0.0736148
2.5735 0.0633037 0.0687116 0.0738
2.574 0.0636711 0.0692709 0.0739843
2.5745 0.0640293 0.0698502 0.0741675
2.575 0.0643794 0.0704498 0.0743493
2.5755 0.0647226 0.07107 0.0745297
2.576 0.0650601 0.0717105 0.074708
2.5765 0.0653937 0.0723706 0.0748845
2.577 0.0657247 0.0730492 0.0750595
2.5775 0.0660549 0.0737447 0.0752337
2.578 0.0663854 0.074455 0.075408
2.5785 0.066718 0.0751782 0.0755838
2.579 0.0670535 0.075911 0.0757621
2.5795 0.0673931 0.0766517 0.0759445
2.58 0.0677381 0.0773965 0.0761319
2.5805 0.0680888 0.0781434 0.0763254
2.581 0.0684466 0.0788892 0.0765259
2.5815 0.0688112 0.0796314 0.0767337
2.582 0.0691838 0.0803674 0.076949
2.5825 0.0695641 0.081095 0.0771714
2.583 0.0699519 0.0818116 0.0774004
2.5835 0.0703472 0.082516 0.0776352
2.584 0.0707491 0.0832063 0.0778754
2.5845 0.0711574 0.0838811 0.0781204
2.585 0.0715714 0.08454 0.0783701
2.5855 0.0719903 0.0851822 0.0786242
2.586 0.0724142 0.0858076 0.078883
2.5865 0.0728423 0.0864157 0.0791467
2.587 0.0732744 0.0870069 0.0794153
2.5875 0.0737102 0.0875811 0.079689
2.588 0.0741498 0.0881389 0.079968
2.5885 0.0745931 0.0886812 0.0802521
2.589 0.07504 0.089208 0.0805413
2.5895 0.0754906 0.0897204 0.0808353
2.59 0.075945 0.0902191 0.0811339
2.5905 0.0764033 0.0907038 0.0814366
2.591 0.076865 0.0911747 0.0817425
2.5915 0.07733 0.0916318 0.0820511
2.592 0.0777984 0.0920746 0.0823616
2.5925 0.07827 0.0925032 0.0826729
2.593 0.0787446 0.0929184 0.0829844
2.5935 0.0792227 0.0933206 0.0832955
2.594 0.0797039 0.0937105 0.0836057
2.5945 0.0801884 0.0940892 0.0839151
2.595 0.0806757 0.094457 0.0842239
2.5955 0.0811661 0.0948148 0.0845323
2.596 0.0816586 0.0951634 0.0848415
2.5965 0.0821527 0.0955032 0.0851521
2.597 0.0826481 0.0958346 0.0854651
2.5975 0.0831443 0.0961586 0.0857812
2.598 0.0836405 0.0964755 0.0861017
2.5985 0.0841365 0.096786 0.0864272
2.599 0.0846321 0.0970906 0.0867588
2.5995 0.0851267 0.09739 0.0870969
2.6 0.0856197 0.0976848 0.0874425
2.6005 0.0861107 0.0979753 0.0877963
2.601 0.0865995 0.098262 0.0881586
2.6015 0.0870849 0.098546 0.0885291
2.602 0.0875666 0.0988279 0.0889079
2.6025 0.0880446 0.0991078 0.0892947
2.603 0.0885179 0.0993874 0.0896895
2.6035 0.0889865 0.0996675 0.0900909
2.604 0.0894496 0.0999486 0.0904991
2.6045 0.0899073 0.100232 0.0909129
2.605 0.0903585 0.100518 0.0913315
2.6055 0.0908035 0.100808 0.0917536
2.606 0.0912419 0.101103 0.0921781
2.6065 0.0916733 0.101403 0.0926035
2.607 0.0920979 0.10171 0.0930283
2.6075 0.0925161 0.102023 0.0934509
2.608 0.0929277 0.102344 0.0938692
2.6085 0.0933332 0.102674 0.0942825
2.609 0.0937328 0.103011 0.0946892
2.6095 0.0941266 0.103359 0.0950885
2.61 0.094515 0.103716 0.0954803
2.6105 0.0948978 0.104083 0.095864
2.611 0.0952757 0.104461 0.0962408
2.6115 0.0956494 0.104851 0.0966113
2.612 0.096019 0.105252 0.0969762
2.6125 0.0963856 0.105665 0.0973367
2.613 0.0967498 0.106091 0.0976947
2.6135 0.0971121 0.106528 0.0980513
2.614 0.0974724 0.106976 0.0984079
2.6145 0.0978301 0.107433 0.0987657
2.615 0.0981851 0.107898 0.0991266
2.6155 0.0985364 0.108368 0.0994917
2.616 0.0988819 0.108842 0.0998624
2.6165 0.0992207 0.109315 0.10024
2.617 0.0995507 0.109786 0.100625
2.6175 0.0998705 0.110253 0.10102
2.618 0.100178 0.110712 0.101424
2.6185 0.100473 0.111163 0.10184
2.619 0.100753 0.111604 0.102266
2.6195 0.101019 0.112034 0.102703
2.62 0.10127 0.112453 0.10315
2.6205 0.101507 0.11286 0.103607
2.621 0.101733 0.113256 0.104071
2.6215 0.101948 0.113642 0.104542
2.622 0.102154 0.114017 0.105017
2.6225 0.102356 0.114381 0.105494
2.623 0.102555 0.114737 0.10597
2.6235 0.102755 0.115085 0.106443
2.624 0.10296 0.115425 0.106912
2.6245 0.103172 0.115758 0.107373
2.625 0.103395 0.116086 0.107827
2.6255 0.103631 0.116411 0.108272
2.626 0.103884 0.116733 0.108707
2.6265 0.104155 0.117053 0.109133
2.627 0.104445 0.117374 0.10955
2.6275 0.104757 0.117695 0.109959
2.628 0.105091 0.118018 0.11036
2.6285 0.105447 0.118344 0.110755
2.629 0.105825 0.118672 0.111144
2.6295 0.106225 0.119004 0.111529
2.63 0.106647 0.11934 0.111912
2.6305 0.10709 0.119679 0.112292
2.631 0.107552 0.120021 0.112673
2.6315 0.108034 0.120367 0.113054
2.632 0.108535 0.120715 0.113436
2.6325 0.109053 0.121065 0.113821
2.633 0.109587 0.121418 0.114209
2.6335 0.110136 0.121772 0.1146
2.634 0.110699 0.122128 0.114995
2.6345 0.111274 0.122485 0.115395
2.635 0.111858 0.122843 0.115801
2.6355 0.112451 0.123202 0.116213
2.636 0.113048 0.123563 0.116632
2.6365 0.113649 0.123924 0.117059
2.637 0.114249 0.124286 0.117495
2.6375 0.114848 0.124648 0.11794
2.638 0.115442 0.12501 0.118394
2.6385 0.116028 0.125372 0.118856
2.639 0.116606 0.125734 0.119327
2.6395 0.117171 0.126096 0.119806
2.64 0.117724 0.126458 0.12029
2.6405 0.118263 0.126819 0.120781
2.641 0.118787 0.12718 0.121276
2.6415 0.119295 0.12754 0.121774
2.642 0.119788 0.127899 0.122275
2.6425 0.120265 0.128255 0.122778
2.643 0.120728 0.128608 0.123281
2.6435 0.121175 0.128957 0.123783
2.644 0.121609 0.129301 0.124282
2.6445 0.122027 0.129638 0.124775
2.645 0.12243 0.129969 0.12526
2.6455 0.122817 0.130292 0.125734
2.646 0.123188 0.130608 0.126195
2.6465 0.123542 0.130917 0.126642
2.647 0.123879 0.131218 0.127074
2.6475 0.124198 0.131513 0.127492
2.648 0.124498 0.131803 0.127895
2.6485 0.124781 0.132091 0.128285
2.649 0.125045 0.132376 0.128663
2.6495 0.125289 0.132662 0.129029
2.65 0.125514 0.13295 0.129385
2.6505 0.125717 0.133241 0.129733
2.651 0.1259 0.133537 0.130073
2.6515 0.126061 0.133838 0.130406
2.652 0.126202 0.134145 0.130733
2.6525 0.126323 0.134457 0.131057
2.653 0.126425 0.134775 0.131376
2.6535 0.126509 0.135097 0.131693
2.654 0.126578 0.135423 0.132007
2.6545 0.126634 0.135753 0.13232
2.655 0.12668 0.136084 0.132631
2.6555 0.126718 0.136417 0.13294
2.656 0.126749 0.13675 0.133248
2.6565 0.126777 0.137083 0.133556
2.657 0.126801 0.137416 0.133861
2.6575 0.126825 0.137747 0.134165
2.658 0.126848 0.138077 0.134467
2.6585 0.126871 0.138407 0.134766
2.659 0.126896 0.138736 0.135062
2.6595 0.126924 0.139067 0.135354
2.66 0.126953 0.139399 0.135644
2.6605 0.126987 0.139734 0.13593
2.661 0.127023 0.140072 0.136213
2.6615 0.127065 0.140414 0.136495
2.662 0.12711 0.140761 0.136775
2.6625 0.127161 0.141113 0.137054
2.663 0.127218 0.141472 0.137335
2.6635 0.127282 0.141837 0.137618
2.664 0.127352 0.142209 0.137903
2.6645 0.127432 0.142589 0.138194
2.665 0.12752 0.142977 0.13849
2.6655 0.127617 0.143373 0.138793
2.666 0.127725 0.143776 0.139105
2.6665 0.127844 0.144187 0.139428
2.667 0.127973 0.144605 0.139764
2.6675 0.128114 0.145027 0.140115
2.668 0.128266 0.145455 0.140481
2.6685 0.128431 0.145887 0.140865
2.669 0.128608 0.146321 0.141268
2.6695 0.128799 0.146757 0.141689
2.67 0.129003 0.147195 0.142129
2.6705 0.129224 0.147632 0.142586
2.671 0.12946 0.148068 0.14306
2.6715 0.129713 0.148502 0.14355
2.672 0.129983 0.148933 0.144053
2.6725 0.130272 0.14936 0.144568
2.673 0.130578 0.149783 0.145094
2.6735 0.130902 0.150203 0.145629
2.674 0.131244 0.15062 0.146172
2.6745 0.131603 0.151035 0.146721
2.675 0.131977 0.151449 0.147277
2.6755 0.132367 0.151864 0.147837
2.676 0.13277 0.15228 0.148401
2.6765 0.133187 0.1527 0.148969
2.677 0.133615 0.153124 0.149542
2.6775 0.134054 0.153554 0.150118
2.678 0.134502 0.153989 0.150699
2.6785 0.134958 0.154431 0.151286
2.679 0.13542 0.154879 0.15188
2.6795 0.135886 0.155335 0.152482
2.68 0.136355 0.155797 0.153092
2.6805 0.136825 0.156265 0.153712
2.681 0.137292 0.156741 0.154341
2.6815 0.137757 0.157222 0.15498
2.682 0.138216 0.15771 0.15563
2.6825 0.138668 0.158203 0.156289
2.683 0.139113 0.158702 0.156956
2.6835 0.13955 0.159205 0.157632
2.684 0.13998 0.159713 0.158316
2.6845 0.140403 0.160225 0.159006
2.685 0.140821 0.160739 0.159703
2.6855 0.141234 0.161257 0.160404
2.686 0.141644 0.161778 0.161111
2.6865 0.142053 0.162302 0.161821
2.687 0.14246 0.162828 0.162533
2.6875 0.142868 0.163357 0.163247
2.688 0.143277 0.163889 0.163963
2.6885 0.143687 0.164424 0.164678
2.689 0.144098 0.164962 0.165394
2.6895 0.144511 0.165503 0.166108
2.69 0.144925 0.166047 0.166821
2.6905 0.145341 0.166593 0.167532
2.691 0.145759 0.167139 0.16824
2.6915 0.146179 0.167685 0.168943
2.692 0.1466 0.16823 0.169641
2.6925 0.147023 0.168771 0.170329
2.693 0.147449 0.169309 0.171006
2.6935 0.147875 0.169841 0.171671
2.694 0.148301 0.170365 0.172321
2.6945 0.148725 0.170882 0.172956
2.695 0.149146 0.171391 0.173576
2.6955 0.149562 0.171891 0.174182
2.696 0.149972 0.172383 0.174775
2.6965 0.150375 0.172866 0.175357
2.697 0.150769 0.173341 0.17593
2.6975 0.151156 0.173808 0.176494
2.698 0.151535 0.174266 0.177052
2.6985 0.151907 0.174717 0.177604
2.699 0.152272 0.175161 0.178151
2.6995 0.152632 0.175597 0.178694
2.7 0.152987 0.176028 0.179233
2.7005 0.153341 0.176453 0.179771
2.701 0.153694 0.176875 0.180308
2.7015 0.154049 0.177292 0.180847
2.702 0.154409 0.177707 0.181389
2.7025 0.154775 0.178119 0.181936
2.703 0.155149 0.178528 0.182491
2.7035 0.155533 0.178936 0.183055
2.704 0.155927 0.179342 0.18363
2.7045 0.156332 0.179748 0.184216
2.705 0.15675 0.180152 0.184814
2.7055 0.157179 0.180556 0.185423
2.706 0.157618 0.18096 0.186042
2.7065 0.158069 0.181366 0.18667
2.707 0.15853 0.181772 0.187307
2.7075 0.159 0.18218 0.187949
2.708 0.159479 0.18259 0.188595
2.7085 0.159965 0.182999 0.189244
2.709 0.160459 0.183409 0.189893
2.7095 0.160959 0.183817 0.19054
2.71 0.161465 0.184225 0.191186
2.7105 0.161978 0.184631 0.191828
2.711 0.162498 0.185036 0.192466
2.7115 0.163024 0.185441 0.193099
2.712 0.163557 0.185845 0.193729
2.7125 0.164098 0.186251 0.194355
2.713 0.164646 0.186656 0.194977
2.7135 0.165204 0.187064 0.195598
2.714 0.165768 0.187472 0.196218
2.7145 0.166341 0.187881 0.196838
2.715 0.16692 0.188292 0.197461
2.7155 0.167505 0.188704 0.198086
2.716 0.168095 0.189118 0.198717
2.7165 0.168687 0.189534 0.199354
2.717 0.169281 0.189951 0.199999
2.7175 0.169876 0.190369 0.200653
2.718 0.170468 0.190788 0.201317
2.7185 0.171059 0.191208 0.201991
2.719 0.171647 0.191626 0.202678
2.7195 0.172232 0.192042 0.203378
2.72 0.172813 0.192455 0.20409
2.7205 0.17339 0.192865 0.204814
2.721 0.173963 0.193269 0.205551
2.7215 0.174533 0.193671 0.206297
2.722 0.175098 0.194071 0.207053
2.7225 0.17566 0.194472 0.207815
2.723 0.176219 0.194875 0.208581
2.7235 0.176773 0.195282 0.209348
2.724 0.177324 0.195697 0.210113
2.7245 0.177871 0.196118 0.210875
2.725 0.178416 0.196549 0.211631
2.7255 0.178957 0.196988 0.212378
2.726 0.179497 0.197435 0.213116
2.7265 0.180035 0.19789 0.213841
2.727 0.180572 0.19835 0.214552
2.7275 0.181108 0.198815 0.215247
2.728 0.181645 0.199282 0.215922
2.7285 0.182182 0.19975 0.216577
2.729 0.182719 0.200218 0.217208
2.7295 0.183256 0.200684 0.217813
2.73 0.183793 0.201148 0.21839
2.7305 0.184328 0.201609 0.21894
2.731 0.18486 0.202067 0.219463
2.7315 0.185388 0.202521 0.21996
2.732 0.185912 0.202971 0.220433
2.7325 0.186431 0.203418 0.220886
2.733 0.186946 0.203861 0.221322
2.7335 0.187458 0.204299 0.221745
2.734 0.187968 0.204734 0.222159
2.7345 0.188479 0.205165 0.222568
2.735 0.188992 0.205594 0.222975
2.7355 0.189511 0.20602 0.223384
2.736 0.190038 0.206446 0.223798
2.7365 0.190576 0.206872 0.224218
2.737 0.191128 0.207299 0.224647
2.7375 0.191694 0.207729 0.225087
2.738 0.192278 0.208162 0.225537
2.7385 0.192879 0.2086 0.225999
2.739 0.193497 0.209043 0.226473
2.7395 0.194131 0.209491 0.22696
2.74 0.194782 0.209946 0.22746
2.7405 0.195447 0.210405 0.227972
2.741 0.196127 0.210871 0.228498
2.7415 0.19682 0.211343 0.229039
2.742 0.197526 0.211819 0.229594
2.7425 0.198244 0.2123 0.230163
2.743 0.198971 0.212784 0.230747
2.7435 0.199707 0.21327 0.231346
2.744 0.20045 0.213756 0.231959
2.7445 0.201197 0.214242 0.232588
2.745 0.201946 0.214727 0.23323
2.7455 0.202696 0.21521 0.233886
2.746 0.203442 0.21569 0.234555
2.7465 0.204185 0.216165 0.235237
2.747 0.20492 0.216636 0.235932
2.7475 0.205649 0.217102 0.236639
2.748 0.20637 0.217562 0.237359
2.7485 0.207083 0.218015 0.238092
2.749 0.207789 0.21846 0.238838
2.7495 0.208487 0.218897 0.239597
2.75 0.209177 0.219324 0.240367
2.7505 0.209861 0.21974 0.241149
2.751 0.210537 0.220146 0.241942
2.7515 0.211207 0.22054 0.242745
2.752 0.211869 0.220923 0.243555
2.7525 0.212523 0.221293 0.244371
2.753 0.213169 0.221652 0.245193
2.7535 0.213805 0.222001 0.246017
2.754 0.214429 0.222339 0.246844
2.7545 0.215041 0.22267 0.24767
2.755 0.215639 0.222992 0.248495
2.7555 0.216222 0.223309 0.249316
2.756 0.216787 0.223622 0.250133
2.7565 0.217334 0.22393 0.250944
2.757 0.217862 0.224237 0.251746
2.7575 0.218371 0.224541 0.252539
2.758 0.218862 0.224845 0.253321
2.7585 0.219336 0.225146 0.254091
2.759 0.219795 0.225448 0.254848
2.7595 0.220242 0.225748 0.25559
2.76 0.22068 0.226047 0.256317
2.7605 0.22111 0.226345 0.257027
2.761 0.221536 0.226643 0.25772
2.7615 0.221958 0.226941 0.258396
2.762 0.222379 0.227239 0.259054
2.7625 0.222798 0.227538 0.259694
2.763 0.223217 0.227839 0.260318
2.7635 0.223635 0.228141 0.260925
2.764 0.224052 0.228447 0.261517
2.7645 0.224466 0.228755 0.262093
2.765 0.224877 0.229067 0.262657
2.7655 0.225286 0.229383 0.263207
2.766 0.22569 0.229704 0.263745
2.7665 0.22609 0.230032 0.264271
2.767 0.226484 0.230368 0.264785
2.7675 0.226875 0.230713 0.265287
2.768 0.227261 0.231068 0.265776
2.7685 0.227645 0.231434 0.266253
2.769 0.228028 0.231811 0.266719
2.7695 0.228411 0.2322 0.267173
2.77 0.228797 0.2326 0.267617
2.7705 0.229186 0.233009 0.268052
2.771 0.229582 0.233426 0.268481
2.7715 0.229983 0.233849 0.268905
2.772 0.230394 0.234276 0.269328
2.7725 0.230813 0.234705 0.269751
2.773 0.231241 0.235133 0.270176
2.7735 0.231678 0.23556 0.270607
2.774 0.232124 0.235983 0.271045
2.7745 0.232578 0.236404 0.27149
2.775 0.233038 0.236821 0.271945
2.7755 0.233505 0.237236 0.27241
2.776 0.233976 0.237649 0.272886
2.7765 0.23445 0.238062 0.273375
2.777 0.234926 0.238478 0.273878
2.7775 0.235403 0.238897 0.274395
2.778 0.235879 0.239322 0.274929
2.7785 0.236355 0.239755 0.275479
2.779 0.236828 0.240196 0.276048
2.7795 0.2373 0.240648 0.276634
2.78 0.237768 0.24111 0.277241
2.7805 0.238233 0.241584 0.277867
2.781 0.238694 0.24207 0.278512
2.7815 0.23915 0.242569 0.279175
2.782 0.239601 0.243079 0.279855
2.7825 0.240046 0.243601 0.280549
2.783 0.240485 0.244133 0.281253
2.7835 0.240919 0.244676 0.281966
2.784 0.241349 0.245227 0.282682
2.7845 0.241775 0.245787 0.283399
2.785 0.2422 0.246353 0.284112
2.7855 0.242625 0.246926 0.284818
2.786 0.243051 0.247504 0.285515
2.7865 0.243481 0.248087 0.286198
2.787 0.243918 0.248673 0.286865
2.7875 0.244362 0.249262 0.287515
2.788 0.244817 0.249855 0.288145
2.7885 0.245283 0.250451 0.288754
2.789 0.245761 0.251051 0.289343
2.7895 0.246253 0.251652 0.289908
2.79 0.246759 0.252256 0.29045
2.7905 0.247277 0.25286 0.290968
2.791 0.247809 0.253465 0.291463
2.7915 0.248352 0.254069 0.291936
2.792 0.248908 0.254671 0.292389
2.7925 0.249474 0.255271 0.292826
2.793 0.250052 0.255867 0.293252
2.7935 0.25064 0.256457 0.293669
2.794 0.251239 0.257042 0.294079
2.7945 0.25185 0.257618 0.294487
2.795 0.252471 0.258185 0.294895
2.7955 0.253103 0.258743 0.295302
2.796 0.253746 0.259291 0.295713
2.7965 0.254398 0.259828 0.296129
2.797 0.255058 0.260355 0.296552
2.7975 0.255725 0.260871 0.296985
2.798 0.256398 0.261378 0.297429
2.7985 0.257077 0.261876 0.297889
2.799 0.257761 0.262367 0.298367
2.7995 0.258449 0.262853 0.298864
2.8 0.259142 0.263334 0.299383
2.8005 0.25984 0.263812 0.299925
2.801 0.260545 0.264287 0.300492
2.8015 0.261256 0.26476 0.301084
2.802 0.261972 0.26523 0.301702
2.8025 0.262695 0.265696 0.302345
2.803 0.263423 0.266156 0.303012
2.8035 0.264156 0.266609 0.303703
2.804 0.264892 0.267053 0.304417
2.8045 0.26563 0.267488 0.305151
2.805 0.266367 0.267911 0.305905
2.8055 0.2671 0.268325 0.306677
2.806 0.267827 0.268732 0.307467
2.8065 0.268544 0.269131 0.308274
2.807 0.269247 0.269527 0.309098
2.8075 0.269934 0.269921 0.309938
2.808 0.270602 0.270315 0.310793
2.8085 0.271249 0.270711 0.311664
2.809 0.271874 0.271112 0.312551
2.8095 0.272478 0.271517 0.313452
2.81 0.273061 0.27193 0.314367
2.8105 0.273625 0.272351 0.315294
2.811 0.274172 0.27278 0.316232
2.8115 0.274703 0.273219 0.31718
2.812 0.275222 0.273669 0.318135
2.8125 0.275731 0.274129 0.319095
2.813 0.276232 0.274602 0.320058
2.8135 0.276727 0.275087 0.32102
2.814 0.277215 0.275586 0.321979
2.8145 0.2777 0.276099 0.322934
2.815 0.278181 0.276627 0.323883
2.8155 0.278659 0.277169 0.324823
2.816 0.279136 0.277728 0.325755
2.8165 0.279611 0.278304 0.326678
2.817 0.280086 0.278896 0.327591
2.8175 0.280562 0.279506 0.328495
2.818 0.28104 0.280133 0.32939
2.8185 0.281523 0.280777 0.330277
2.819 0.28201 0.28144 0.331157
2.8195 0.282503 0.28212 0.332028
2.82 0.283001 0.282818 0.332892
2.8205 0.283506 0.283535 0.333749
2.821 0.284017 0.28427 0.334597
2.8215 0.284534 0.285023 0.335435
2.822 0.285056 0.285794 0.336263
2.8225 0.285583 0.286582 0.337076
2.823 0.286115 0.287386 0.337875
2.8235 0.286649 0.288203 0.338656
2.824 0.287187 0.289031 0.339419
2.8245 0.287726 0.289867 0.340164
2.825 0.288265 0.290709 0.34089
2.8255 0.288804 0.291552 0.341599
2.826 0.289341 0.292395 0.342294
2.8265 0.289875 0.293234 0.342977
2.827 0.290406 0.294068 0.34365
2.8275 0.290934 0.294895 0.344317
2.828 0.291457 0.295714 0.344979
2.8285 0.291977 0.296523 0.345638
2.829 0.292494 0.297323 0.346294
2.8295 0.293007 0.298113 0.346946
2.83 0.293516 0.298893 0.347595
2.8305 0.294023 0.29966 0.348238
2.831 0.294526 0.300415 0.348874
2.8315 0.295025 0.301157 0.349501
2.832 0.29552 0.301883 0.350117
2.8325 0.296009 0.302592 0.35072
2.833 0.296495 0.303283 0.351309
2.8335 0.296975 0.303953 0.351884
2.834 0.29745 0.304601 0.352445
2.8345 0.29792 0.305225 0.35299
2.835 0.298385 0.305826 0.353519
2.8355 0.298845 0.306402 0.354034
2.836 0.299298 0.306955 0.354534
2.8365 0.299746 0.307485 0.355019
2.837 0.300189 0.307996 0.355492
2.8375 0.300626 0.30849 0.355951
2.838 0.30106 0.308969 0.356399
2.8385 0.301489 0.309436 0.356837
2.839 0.301915 0.309895 0.357267
2.8395 0.302339 0.310349 0.35769
2.84 0.302762 0.310799 0.358108
2.8405 0.303185 0.311248 0.358522
2.841 0.303607 0.311698 0.358935
2.8415 0.304028 0.31215 0.359348
2.842 0.304449 0.312607 0.359762
2.8425 0.304867 0.313069 0.360177
2.843 0.305283 0.313541 0.360592
2.8435 0.305694 0.314025 0.361009
2.844 0.3061 0.314524 0.361427
2.8445 0.306498 0.315043 0.361844
2.845 0.306888 0.315583 0.362261
2.8455 0.307267 0.316148 0.362679
2.846 0.307635 0.31674 0.363097
2.8465 0.307992 0.31736 0.363518
2.847 0.308335 0.318008 0.363942
2.8475 0.308665 0.318685 0.36437
2.848 0.308982 0.319389 0.364803
2.8485 0.309286 0.320119 0.365242
2.849 0.309577 0.320874 0.365686
2.8495 0.309858 0.321651 0.366135
2.85 0.310129 0.322446 0.366588
2.8505 0.310392 0.323258 0.367043
2.851 0.310649 0.324082 0.367498
2.8515 0.310902 0.324915 0.36795
2.852 0.311152 0.325756 0.3684
2.8525 0.311401 0.3266 0.368844
2.853 0.311651 0.327446 0.369282
2.8535 0.311902 0.328291 0.369713
2.854 0.312154 0.329133 0.370136
2.8545 0.312406 0.329972 0.370553
2.855 0.312658 0.330808 0.370963
2.8555 0.312909 0.331638 0.371369
2.856 0.313157 0.332464 0.37177
2.8565 0.313399 0.333285 0.372167
2.857 0.313634 0.334102 0.372561
2.8575 0.31386 0.334916 0.372952
2.858 0.314075 0.335724 0.373339
2.8585 0.314279 0.336528 0.373723
2.859 0.314468 0.337329 0.374104
2.8595 0.314642 0.338126 0.374483
2.86 0.314801 0.338918 0.37486
2.8605 0.314943 0.339706 0.375238
2.861 0.315069 0.340489 0.375618
2.8615 0.315178 0.341268 0.376002
2.862 0.315273 0.342043 0.376392
2.8625 0.315353 0.342813 0.376789
2.863 0.315421 0.343577 0.377192
2.8635 0.315481 0.344335 0.377601
2.864 0.315534 0.345088 0.378017
2.8645 0.315583 0.345833 0.378437
2.865 0.315632 0.34657 0.37886
2.8655 0.315684 0.347299 0.379285
2.866 0.31574 0.348019 0.379712
2.8665 0.315803 0.34873 0.38014
2.867 0.315874 0.349433 0.380567
2.8675 0.315954 0.350128 0.380994
2.868 0.316044 0.350816 0.381421
2.8685 0.316145 0.351497 0.381847
2.869 0.316257 0.352172 0.382271
2.8695 0.316382 0.352844 0.382693
2.87 0.316521 0.353513 0.383111
2.8705 0.316674 0.354179 0.383524
2.871 0.316843 0.354844 0.383931
2.8715 0.31703 0.355507 0.384331
2.872 0.317235 0.35617 0.384721
2.8725 0.31746 0.356831 0.385099
2.873 0.317706 0.357493 0.385465
2.8735 0.317974 0.358153 0.385818
2.874 0.318265 0.358813 0.386156
2.8745 0.31858 0.359475 0.386479
2.875 0.318917 0.36014 0.386785
2.8755 0.319277 0.360809 0.387074
2.876 0.31966 0.361483 0.387345
2.8765 0.320064 0.362164 0.387598
2.877 0.320489 0.362851 0.387834
2.8775 0.320932 0.363546 0.388054
2.878 0.321393 0.364248 0.388259
2.8785 0.321869 0.364958 0.388454
2.879 0.322358 0.365674 0.38864
2.8795 0.32286 0.366396 0.388824
2.88 0.323372 0.367123 0.38901
2.8805 0.323892 0.367853 0.389202
2.881 0.32442 0.368586 0.389406
2.8815 0.324955 0.36932 0.389626
2.882 0.325496 0.370057 0.389865
2.8825 0.326043 0.370795 0.390126
2.883 0.326596 0.371534 0.39041
2.8835 0.327156 0.372277 0.390719
2.884 0.327724 0.373024 0.391053
2.8845 0.328301 0.373777 0.391412
2.885 0.328892 0.374536 0.391795
2.8855 0.329497 0.375304 0.392201
2.886 0.330119 0.37608 0.392629
2.8865 0.330762 0.376865 0.393079
2.887 0.331427 0.377659 0.393549
2.8875 0.332118 0.378461 0.394039
2.888 0.332835 0.379271 0.394548
2.8885 0.333581 0.380087 0.395074
2.889 0.334354 0.380908 0.395618
2.8895 0.335155 0.381732 0.39618
2.89 0.335982 0.382558 0.396757
2.8905 0.336834 0.383383 0.39735
2.891 0.337706 0.384205 0.397957
2.8915 0.338595 0.385023 0.398578
2.892 0.339494 0.385835 0.399212
2.8925 0.340399 0.386642 0.399857
2.893 0.341302 0.38744 0.400514
2.8935 0.342197 0.388232 0.40118
2.894 0.343079 0.389016 0.401856
2.8945 0.34394 0.389791 0.402543
2.895 0.344777 0.390558 0.403238
2.8955 0.345586 0.391316 0.403942
2.896 0.346364 0.392066 0.404656
2.8965 0.347109 0.392808 0.405377
2.897 0.347821 0.393544 0.406105
2.8975 0.348497 0.394278 0.406839
2.898 0.349141 0.395011 0.407577
2.8985 0.349751 0.395746 0.408316
2.899 0.350331 0.396486 0.409053
2.8995 0.35088 0.397233 0.409787
2.9 0.351403 0.397989 0.410513
2.9005 0.3519 0.398754 0.411229
2.901 0.352374 0.399531 0.411932
2.9015 0.352829 0.400318 0.412619
2.902 0.353266 0.401117 0.413287
2.9025 0.353689 0.401927 0.413935
2.903 0.354099 0.40275 0.414562
2.9035 0.3545 0.403584 0.415168
2.904 0.354892 0.404431 0.415752
2.9045 0.355278 0.405291 0.416318
2.905 0.355659 0.406166 0.416864
2.9055 0.356036 0.407054 0.417396
2.906 0.356411 0.407958 0.417913
2.9065 0.356783 0.408877 0.418419
2.907 0.357156 0.409812 0.418916
2.9075 0.357527 0.410764 0.419406
2.908 0.357899 0.411731 0.419892
2.9085 0.358271 0.412714 0.420373
2.909 0.358641 0.413712 0.420853
2.9095 0.359011 0.414724 0.421331
2.91 0.359378 0.415749 0.421809
2.9105 0.359742 0.416785 0.422287
2.911 0.360102 0.41783 0.422766
2.9115 0.360458 0.418884 0.423246
2.912 0.360808 0.419943 0.423727
2.9125 0.361152 0.421006 0.424209
2.913 0.36149 0.422072 0.424694
2.9135 0.36182 0.423138 0.425179
2.914 0.362143 0.424204 0.425665
2.9145 0.362458 0.425269 0.426152
2.915 0.362765 0.426333 0.426638
2.9155 0.363062 0.427396 0.427122
2.916 0.363349 0.428458 0.427606
2.9165 0.363627 0.429519 0.428088
2.917 0.363893 0.430577 0.428568
2.9175 0.36415 0.431632 0.429048
2.918 0.364396 0.432683 0.429527
2.9185 0.364632 0.433731 0.430006
2.919 0.364859 0.434771 0.430487
2.9195 0.365078 0.435805 0.43097
2.92 0.365289 0.436831 0.431457
2.9205 0.365494 0.437847 0.431947
2.921 0.365694 0.438854 0.43244
2.9215 0.365891 0.439851 0.432936
2.922 0.366088 0.440837 0.433435
2.9225 0.366287 0.441813 0.433936
2.923 0.36649 0.442779 0.434437
2.9235 0.3667 0.443736 0.434937
2.924 0.366919 0.444683 0.435436
2.9245 0.367152 0.445625 0.435933
2.925 0.367399 0.44656 0.436426
2.9255 0.367663 0.44749 0.436916
2.926 0.367946 0.448416 0.437403
2.9265 0.368251 0.449341 0.437884
2.927 0.368577 0.450265 0.438362
2.9275 0.368926 0.451189 0.438834
2.928 0.369295 0.452114 0.439301
2.9285 0.369685 0.453042 0.439763
2.929 0.370093 0.453973 0.440223
2.9295 0.370518 0.454908 0.440678
2.93 0.370958 0.455847 0.441133
2.9305 0.371409 0.45679 0.441586
2.931 0.37187 0.457735 0.442041
2.9315 0.372337 0.458682 0.442497
2.932 0.372807 0.459631 0.442955
2.9325 0.373276 0.46058 0.443418
2.933 0.373741 0.461529 0.443888
2.9335 0.3742 0.462476 0.444365
2.934 0.374647 0.463422 0.444854
2.9345 0.375081 0.464367 0.445357
2.935 0.375498 0.465313 0.445877
2.9355 0.375896 0.46626 0.446417
2.936 0.376274 0.467208 0.446979
2.9365 0.376632 0.468158 0.447562
2.937 0.376968 0.469111 0.448168
2.9375 0.377287 0.470066 0.448794
2.938 0.377588 0.471022 0.449441
2.9385 0.377875 0.471979 0.450106
2.939 0.378151 0.472937 0.450789
2.9395 0.378419 0.473894 0.451489
2.94 0.378684 0.474849 0.452205
2.9405 0.378951 0.475801 0.452937
2.941 0.379223 0.476748 0.453685
2.9415 0.379506 0.47769 0.454447
2.942 0.379805 0.478626 0.455226
2.9425 0.380125 0.479556 0.456018
2.943 0.380473 0.480478 0.456823
2.9435 0.380853 0.481396 0.457641
2.944 0.38127 0.482307 0.45847
2.9445 0.381727 0.483213 0.459306
2.945 0.382226 0.484117 0.460149
2.9455 0.382765 0.485017 0.460997
2.946 0.383344 0.485918 0.461846
2.9465 0.383959 0.48682 0.462696
2.947 0.384605 0.487724 0.463543
2.9475 0.385279 0.488631 0.464388
2.948 0.385978 0.489542 0.465228
2.9485 0.386696 0.490457 0.466063
2.949 0.387433 0.491377 0.466893
2.9495 0.388186 0.492301 0.467718
2.95 0.38895 0.493227 0.468538
2.9505 0.389726 0.494158 0.469352
2.951 0.39051 0.495089 0.470161
2.9515 0.3913 0.496022 0.470964
2.952 0.392096 0.496955 0.471762
2.9525 0.392894 0.497888 0.472554
2.953 0.393696 0.498817 0.473338
2.9535 0.394498 0.499745 0.474116
2.954 0.395302 0.500668 0.474888
2.9545 0.396107 0.501586 0.475654
2.955 0.396911 0.502497 0.476414
2.9555 0.397715 0.503401 0.477165
2.956 0.398515 0.504298 0.477909
2.9565 0.399311 0.505186 0.478644
2.957 0.400101 0.506065 0.479366
2.9575 0.400882 0.506933 0.480076
2.958 0.401652 0.507791 0.480772
2.9585 0.402409 0.508639 0.481454
2.959 0.40315 0.509475 0.48212
2.9595 0.403875 0.510299 0.482773
2.96 0.404581 0.511111 0.483412
2.9605 0.405268 0.511913 0.484039
2.961 0.405939 0.512704 0.484653
2.9615 0.406594 0.513483 0.485258
2.962 0.407234 0.514251 0.485852
2.9625 0.407863 0.515008 0.486436
2.963 0.40848 0.515755 0.487012
2.9635 0.40909 0.516489 0.487576
2.964 0.409692 0.517212 0.48813
2.9645 0.410287 0.517923 0.488672
2.965 0.410876 0.518624 0.4892
2.9655 0.411458 0.519312 0.489711
2.966 0.412035 0.51999 0.490204
2.9665 0.412607 0.520658 0.490675
2.967 0.413174 0.521316 0.491124
2.9675 0.413737 0.521965 0.491546
2.968 0.414297 0.522607 0.491942
2.9685 0.414854 0.523242 0.492309
2.969 0.415407 0.523869 0.492648
2.9695 0.415958 0.52449 0.492958
2.97 0.416508 0.525104 0.493241
2.9705 0.417055 0.52571 0.493497
2.971 0.417602 0.526309 0.493728
2.9715 0.418148 0.5269 0.493937
2.972 0.418694 0.527482 0.494126
2.9725 0.41924 0.528054 0.494296
2.973 0.419786 0.528616 0.49445
2.9735 0.420333 0.529167 0.494591
2.974 0.42088 0.529709 0.494721
2.9745 0.421428 0.53024 0.494843
2.975 0.421977 0.530763 0.49496
2.9755 0.422524 0.531278 0.495076
2.976 0.423069 0.531788 0.495192
2.9765 0.423611 0.532297 0.495311
2.977 0.424148 0.532805 0.495437
2.9775 0.424679 0.533316 0.495569
2.978 0.425203 0.533833 0.49571
2.9785 0.425718 0.534359 0.495858
2.979 0.426225 0.534895 0.496015
2.9795 0.426722 0.535445 0.496178
2.98 0.42721 0.53601 0.496346
2.9805 0.42769 0.536593 0.496518
2.981 0.42816 0.537197 0.496692
2.9815 0.428621 0.537824 0.496867
2.982 0.429074 0.538475 0.49704
2.9825 0.429516 0.539151 0.49721
2.983 0.429948 0.539853 0.497375
2.9835 0.430367 0.54058 0.497534
2.984 0.430772 0.541332 0.497687
2.9845 0.431162 0.542108 0.497831
2.985 0.431536 0.542905 0.497967
2.9855 0.431893 0.543722 0.498093
2.986 0.432233 0.544557 0.498211
2.9865 0.432557 0.545409 0.498319
2.987 0.432865 0.546276 0.498418
2.9875 0.433157 0.547156 0.498507
2.988 0.433436 0.548047 0.498588
2.9885 0.433703 0.548946 0.49866
2.989 0.433957 0.54985 0.498725
2.9895 0.4342 0.550756 0.498781
2.99 0.434431 0.55166 0.498832
2.9905 0.43465 0.552555 0.498877
2.991 0.434856 0.553438 0.498921
2.9915 0.435049 0.554305 0.498965
2.992 0.435229 0.555156 0.499012
2.9925 0.4354 0.555989 0.499067
2.993 0.435563 0.556806 0.499132
2.9935 0.435721 0.55761 0.499211
2.994 0.435876 0.558404 0.499308
2.9945 0.436031 0.559191 0.499423
2.995 0.43611 0.559583 0.499489
