# t(1)   sumvx(2)   sumvy(3)   sumvz(4)    kenergy(5)   penergy(6)   energy(7)   red_temp(8)
0.0015 -0.00228551 0.00408074 -0.000719562 19541.9 3022.53 22564.4 7.86395
0.0025 -0.00744104 0.0035553 -0.000800624 19221.7 3684.3 22906 7.73509
0.0035 -0.00945383 0.00217384 -0.00366688 18679.1 4565.93 23245 7.51675
0.0045 -0.0108481 -0.00253373 -0.00819162 17898.4 5546.94 23445.3 7.20256
0.0055 -0.00465679 -0.00513339 -0.0160108 16869.8 6690.54 23560.3 6.78864
0.0065 -0.0054189 -0.0096308 -0.0164967 15604.4 8000.34 23604.7 6.27943
0.0075 -0.00261915 -0.0110157 -0.0186068 14153 9492.24 23645.3 5.69538
0.0085 -0.00102055 -0.0135854 -0.0159985 12621.3 11021.5 23642.8 5.079
0.0095 -0.00112152 -0.0129961 -0.0124161 11163.9 12523.1 23687 4.49253
0.0105 -0.00560403 -0.0125973 -0.0106472 9949.23 13749.3 23698.6 4.00371
0.0115 -0.00320649 -0.014334 -0.00905097 9108.17 14600.8 23708.9 3.66526
0.0125 -0.00370431 -0.0136206 -0.0071516 8698.78 15026.5 23725.3 3.50052
0.0135 -0.00890183 -0.0109832 -0.0083313 8701.68 15014.1 23715.8 3.50168
0.0145 -0.0149405 -0.00944972 -0.012851 9040.15 14689.5 23729.7 3.63789
0.0155 -0.0198936 -0.0113184 -0.015198 9609.55 14141.1 23750.7 3.86702
0.0165 -0.0203304 -0.0130618 -0.0148089 10303 13457 23760.1 4.14608
0.0175 -0.0221238 -0.0108159 -0.0240414 11027.9 12782.2 23810.1 4.43777
0.0185 -0.0224123 -0.0120268 -0.0244188 11712.8 12093.2 23805.9 4.71338
0.0195 -0.0263109 -0.0131598 -0.0244856 12308.8 11510 23818.8 4.95325
0.0205 -0.0234323 -0.0152483 -0.0255547 12788.4 11069.6 23858 5.14624
0.0215 -0.0206323 -0.0173063 -0.0304093 13143.2 10757.8 23901 5.28902
0.0225 -0.0222764 -0.0192404 -0.0310493 13381 10541.7 23922.7 5.38471
0.0235 -0.0203404 -0.02317 -0.0290275 13521.5 10433.8 23955.3 5.44124
0.0245 -0.0194516 -0.0225558 -0.0260215 13591.2 10346.9 23938.1 5.46931
0.0255 -0.0155587 -0.0192199 -0.0266995 13618.8 10315 23933.8 5.48041
0.0265 -0.0148015 -0.0158362 -0.0286613 13631.3 10298.2 23929.5 5.48544
0.0275 -0.0126019 -0.015451 -0.0288873 13652.7 10289 23941.7 5.49404
0.0285 -0.011404 -0.0162082 -0.028935 13703 10272.2 23975.2 5.5143
0.0295 -0.00769424 -0.0182643 -0.0265727 13796.9 10190.3 23987.3 5.55209
0.0305 -0.0126896 -0.0202365 -0.0317302 13940.4 10077.7 24018.1 5.60982
0.0315 -0.013341 -0.019012 -0.0318265 14128.9 9908.04 24036.9 5.68566
0.0325 -0.0124979 -0.0174403 -0.0300241 14350.5 9711.01 24061.6 5.77487
0.0335 -0.0076189 -0.0141101 -0.0291305 14591.1 9477.45 24068.5 5.87167
0.0345 -0.0108652 -0.0178237 -0.027616 14837.7 9252.09 24089.8 5.97092
0.0355 -0.0119429 -0.019897 -0.0294843 15080.4 9015.14 24095.5 6.06857
0.0365 -0.0102034 -0.0243278 -0.0273824 15311.3 8793.81 24105.1 6.16147
0.0375 -0.0065279 -0.0230479 -0.0261989 15523.9 8597.72 24121.6 6.24704
0.0385 -0.00685024 -0.0231967 -0.0305972 15713 8377.71 24090.7 6.32313
0.0395 -0.00356388 -0.0229182 -0.0288987 15873.8 8216.72 24090.6 6.38786
0.0405 0.000380516 -0.0230632 -0.0282931 16003.1 8097 24100.1 6.43987
0.0415 0.00403309 -0.0231566 -0.0256505 16098.4 8009.91 24108.3 6.47823
0.0425 0.00415897 -0.0208869 -0.0300651 16159.3 7953.71 24113 6.50273
0.0435 0.00614071 -0.0169559 -0.0257554 16187.1 7940.27 24127.4 6.51392
0.0445 0.00133133 -0.0216765 -0.0197978 16185.7 7925.13 24110.8 6.51336
0.0455 -0.000242233 -0.0266891 -0.0194974 16161.8 7952.71 24114.5 6.50373
0.0465 0.00018692 -0.0305915 -0.0256009 16123.6 7966.09 24089.7 6.48837
0.0475 0.00495911 -0.0363383 -0.0256419 16079.2 7995.15 24074.3 6.4705
0.0485 0.00727272 -0.0325446 -0.0303102 16034.3 8048.34 24082.7 6.45244
0.0495 0.0087738 -0.0337768 -0.0321908 15992 8068.15 24060.1 6.43541
0.0505 0.0127697 -0.0353866 -0.033917 15952.7 8105.11 24057.8 6.41958
0.0515 0.0151081 -0.0385852 -0.0348773 15914.8 8161.87 24076.7 6.40435
0.0525 0.0123672 -0.0370135 -0.0426393 15875.3 8214.33 24089.6 6.38845
0.0535 0.0131187 -0.0384822 -0.0415025 15829.9 8257.29 24087.2 6.37018
0.0545 0.017355 -0.0417438 -0.042644 15775.2 8301.31 24076.5 6.34818
0.0555 0.0171833 -0.0469604 -0.0399442 15710.6 8337.42 24048 6.32217
0.0565 0.0156612 -0.0440688 -0.04003 15639.8 8392.86 24032.7 6.29369
0.0575 0.0106611 -0.0415874 -0.0474534 15570.5 8456.41 24026.9 6.26578
0.0585 0.00841045 -0.0383983 -0.0450978 15511.4 8519.19 24030.6 6.24199
0.0595 0.013835 -0.0347943 -0.0467076 15469.2 8553.09 24022.3 6.22502
0.0605 0.0175056 -0.0334039 -0.0529943 15446.1 8577.3 24023.4 6.21573
0.0615 0.0134621 -0.0293736 -0.0568337 15439.9 8578.5 24018.4 6.21326
0.0625 0.0158768 -0.0259171 -0.0561624 15446.2 8571.01 24017.2 6.21577
0.0635 0.0133152 -0.0228462 -0.0550485 15459.3 8565.02 24024.3 6.22103
0.0645 0.0128193 -0.0219154 -0.0586438 15474.1 8527.6 24001.7 6.22699
0.0655 0.0144272 -0.0226455 -0.0614018 15486.3 8527.17 24013.4 6.2319
0.0665 0.0186672 -0.024364 -0.0607495 15492 8528.53 24020.5 6.23421
0.0675 0.0258522 -0.0259604 -0.0619426 15487.7 8542.32 24030 6.23246
0.0685 0.0269871 -0.0285811 -0.0618777 15470.2 8581.16 24051.3 6.22542
0.0695 0.02425 -0.0239406 -0.0608153 15437.5 8606.71 24044.2 6.21228
0.0705 0.022356 -0.0241456 -0.061842 15389.9 8650.77 24040.7 6.19312
0.0715 0.0239334 -0.0263963 -0.0603595 15330.3 8714.05 24044.3 6.16913
0.0725 0.0200634 -0.0313096 -0.0642953 15263.8 8766.35 24030.2 6.14239
0.0735 0.0133095 -0.023438 -0.0625558 15197.1 8835.58 24032.7 6.11553
0.0745 0.00786686 -0.0255151 -0.0618865 15135.8 8879.07 24014.9 6.09086
0.0755 0.00567675 -0.0233674 -0.0556848 15083.7 8935.97 24019.7 6.0699
0.0765 0.00351763 -0.0295053 -0.0556982 15042.2 8954.85 23997 6.0532
0.0775 0.00420809 -0.0303407 -0.0582607 15012.6 8998.7 24011.3 6.04129
0.0785 0.00729418 -0.0262055 -0.0635328 14999.3 9009.75 24009.1 6.03595
0.0795 0.0113873 -0.0284486 -0.0659122 15012.1 8997.1 24009.2 6.04111
0.0805 0.0107541 -0.0318608 -0.0659629 15062.2 8962.62 24024.8 6.06123
0.0815 0.0130372 -0.0324769 -0.0704328 15151.2 8859.08 24010.3 6.09706
0.0825 0.0188527 -0.0368371 -0.0766202 15266.5 8735.14 24001.6 6.14346
0.0835 0.0170469 -0.0376515 -0.077489 15386.5 8624.33 24010.8 6.19175
0.0845 0.0147734 -0.0418801 -0.0813399 15491.6 8519.22 24010.8 6.23403
0.0855 0.014699 -0.0394502 -0.0833693 15569.2 8435.56 24004.8 6.26527
0.0865 0.0159101 -0.0419488 -0.0892611 15614.4 8393.99 24008.4 6.28346
0.0875 0.0132573 -0.0406594 -0.0901861 15627.7 8391.5 24019.2 6.2888
0.0885 0.012193 -0.0453286 -0.0892839 15613.5 8418.86 24032.3 6.28308
0.0895 0.0219166 -0.0494275 -0.0879641 15577.5 8460.85 24038.3 6.2686
0.0905 0.0206463 -0.0547776 -0.0851097 15525 8489.66 24014.7 6.24749
0.0915 0.01913 -0.0522351 -0.0864428 15460 8548.62 24008.6 6.22134
0.0925 0.0176175 -0.0529695 -0.0848225 15386 8602.4 23988.4 6.19155
0.0935 0.0191376 -0.0541253 -0.0831002 15305.4 8681.96 23987.3 6.1591
0.0945 0.020488 -0.0550923 -0.0815095 15219.6 8758.24 23977.9 6.12459
0.0955 0.0192978 -0.0569501 -0.0857991 15129.9 8851.47 23981.4 6.08851
0.0965 0.0142627 -0.054657 -0.0848092 15037.9 8949.45 23987.4 6.05147
0.0975 0.013618 -0.0560627 -0.0846938 14945.3 9026.75 23972.1 6.01421
0.0985 0.0165439 -0.0604744 -0.0858811 14853.4 9096.1 23949.5 5.97724
0.0995 0.0213177 -0.0666924 -0.0908765 14763.1 9155.61 23918.7 5.94087
0.1005 0.0271523 -0.0669997 -0.0942734 14676.3 9233.08 23909.4 5.90594
0.1015 0.02399 -0.0650218 -0.0950812 14597.7 9299.85 23897.6 5.87433
0.1025 0.0300331 -0.0624173 -0.0865622 14534.4 9359.77 23894.1 5.84883
0.1035 0.0297697 -0.0574727 -0.0851164 14492.5 9385.08 23877.6 5.83201
0.1045 0.0279272 -0.0603396 -0.0799932 14475.2 9405.94 23881.1 5.82502
0.1055 0.0262526 -0.0603482 -0.0764227 14480.7 9389.76 23870.4 5.82723
0.1065 0.0301303 -0.0604606 -0.0768423 14503.8 9360.5 23864.3 5.83654
0.1075 0.0324515 -0.0582709 -0.0708838 14537.4 9333.98 23871.4 5.85005
0.1085 0.0360165 -0.0508723 -0.0667467 14573.7 9277.41 23851.1 5.86465
0.1095 0.0356638 -0.044249 -0.0688792 14605.2 9239.88 23845 5.87733
0.1105 0.0378892 -0.0404643 -0.0680476 14626.2 9192.74 23818.9 5.88578
0.1115 0.0369051 -0.0429424 -0.0562477 14634.3 9202.42 23836.7 5.88905
0.1125 0.0319381 -0.0422688 -0.0583287 14631.5 9204.14 23835.6 5.88792
0.1135 0.026731 -0.0383184 -0.0586497 14623.3 9210.06 23833.4 5.88463
0.1145 0.0283771 -0.0400944 -0.0523554 14615.6 9213.02 23828.6 5.88152
0.1155 0.0241389 -0.0382745 -0.0539843 14610.5 9189.63 23800.1 5.87946
0.1165 0.0220299 -0.0348833 -0.0548478 14605.4 9164.84 23770.3 5.87744
0.1175 0.0241261 -0.0310438 -0.0527729 14595.1 9131.21 23726.3 5.87328
0.1185 0.0278091 -0.0401878 -0.051948 14573.7 9132.41 23706.1 5.86465
0.1195 0.0267317 -0.0358849 -0.056976 14537.1 9169.01 23706.1 5.84993
0.1205 0.0251772 -0.0332088 -0.0665346 14483.5 9221.38 23704.9 5.82837
0.1215 0.0240157 -0.0353971 -0.0715719 14414 9269.55 23683.5 5.8004
0.1225 0.0205302 -0.0389333 -0.0765792 14332.7 9354.47 23687.2 5.7677
0.1235 0.0191747 -0.0407238 -0.0759759 14246.3 9433.98 23680.2 5.7329
0.1245 0.020979 -0.0440154 -0.0751927 14161.7 9513.79 23675.5 5.69889
0.1255 0.0223465 -0.0446615 -0.0737106 14084.9 9578.78 23663.7 5.66796
0.1265 0.0172461 -0.0425258 -0.070696 14018.8 9631.87 23650.7 5.64137
0.1275 0.019968 -0.0398574 -0.0726935 13964.3 9681.63 23645.9 5.61943
0.1285 0.0183504 -0.0393367 -0.0725589 13921.1 9712.92 23634 5.60205
0.1295 0.0178223 -0.0345168 -0.0724874 13888.9 9741.56 23630.4 5.58908
0.1305 0.0244341 -0.028502 -0.0715709 13866.5 9754.53 23621 5.58007
0.1315 0.0253801 -0.0333352 -0.0725055 13852.7 9768.26 23620.9 5.57452
0.1325 0.0274458 -0.0380282 -0.0713244 13847.1 9760.79 23607.8 5.57226
0.1335 0.0276041 -0.0329394 -0.0794134 13850.9 9727.4 23578.3 5.57382
0.1345 0.0260134 -0.0274491 -0.0834808 13866.8 9723.42 23590.2 5.5802
0.1355 0.0267916 -0.0270371 -0.0816612 13896.8 9682.73 23579.6 5.59228
0.1365 0.0238624 -0.0245194 -0.0820274 13941 9626.61 23567.6 5.61007
0.1375 0.0214858 -0.0253043 -0.0878438 13996.8 9568.37 23565.1 5.6325
0.1385 0.0148234 -0.0215926 -0.0853281 14058.9 9495.52 23554.4 5.65749
0.1395 0.0153403 -0.0173507 -0.0844362 14121.2 9434.3 23555.5 5.68258
0.1405 0.00884819 -0.0166101 -0.0914066 14177.7 9383.69 23561.4 5.70532
0.1415 0.00696421 -0.0186052 -0.0970793 14223.3 9337.97 23561.3 5.72367
0.1425 0.00554943 -0.0186756 -0.0998807 14254.4 9308.11 23562.5 5.73619
0.1435 0.0104728 -0.0206194 -0.104373 14269.1 9302.9 23572 5.74209
0.1445 0.0101589 -0.019576 -0.104886 14267.2 9329.8 23597 5.74132
0.1455 0.00941136 -0.0169472 -0.106502 14250.4 9347.81 23598.2 5.73455
0.1465 0.00888252 -0.014925 -0.1025 14222.3 9375.92 23598.3 5.72328
0.1475 0.0120584 -0.0176306 -0.100261 14188.9 9415.42 23604.3 5.70982
0.1485 0.0111965 -0.0222581 -0.0961637 14156.9 9438.02 23594.9 5.69695
0.1495 0.0108757 -0.0254053 -0.0919142 14132.7 9440.89 23573.6 5.68721
0.1505 0.0108104 -0.0269293 -0.0969448 14119.8 9452.64 23572.4 5.682
0.1515 0.0126226 -0.0250332 -0.0959377 14117.3 9432.45 23549.8 5.68102
0.1525 0.0142438 -0.0223858 -0.0990181 14121.8 9420.75 23542.5 5.68281
0.1535 0.0141108 -0.0265591 -0.097868 14129.2 9432.32 23561.5 5.68578
0.1545 0.0169013 -0.0307741 -0.0996799 14136.1 9446.69 23582.8 5.68857
0.1555 0.0151064 -0.0325561 -0.10627 14139.8 9453.68 23593.4 5.69004
0.1565 0.0159924 -0.0329361 -0.103336 14137 9477.81 23614.8 5.68894
0.1575 0.0137904 -0.0336485 -0.105102 14124.3 9489.31 23613.6 5.68383
0.1585 0.0102007 -0.0300031 -0.111749 14098.7 9521.95 23620.7 5.67354
0.1595 0.00888467 -0.032784 -0.108572 14058.8 9545.24 23604 5.65746
0.1605 0.0111659 -0.0327687 -0.108118 14005 9580.06 23585.1 5.63581
0.1615 0.0100391 -0.0364957 -0.106066 13939.9 9651.16 23591.1 5.60961
0.1625 0.00607371 -0.0439777 -0.101092 13867.9 9713.66 23581.6 5.58066
0.1635 0.00702333 -0.0441742 -0.0971775 13795.4 9750.67 23546.1 5.55147
0.1645 0.00738239 -0.0411682 -0.0948694 13729 9807.64 23536.7 5.52476
0.1655 0.00671291 -0.0358334 -0.0920303 13674.5 9862.07 23536.6 5.50283
0.1665 0.00828695 -0.0299568 -0.08584 13634.9 9912.36 23547.2 5.48687
0.1675 0.00917006 -0.0299463 -0.0871551 13608.7 9939.65 23548.3 5.47633
0.1685 0.00950432 -0.0284758 -0.083801 13590.3 9944.87 23535.1 5.46892
0.1695 0.0086875 -0.0252008 -0.0839796 13571.2 9964.93 23536.1 5.46125
0.1705 0.00272846 -0.0300798 -0.0856457 13542.7 9992.14 23534.9 5.4498
0.1715 0.00391579 -0.0338545 -0.088559 13499.2 10013.1 23512.2 5.43226
0.1725 0.00636101 -0.0313826 -0.0872077 13440.4 10042.3 23482.7 5.40863
0.1735 0.0101855 -0.0313978 -0.0814795 13373 10100.4 23473.3 5.38147
0.1745 0.0117476 -0.0325823 -0.0835299 13306.2 10163.7 23469.9 5.35461
0.1755 0.00895333 -0.0364389 -0.0813203 13247.3 10259.3 23506.6 5.3309
0.1765 0.00709152 -0.0377932 -0.0882211 13197.1 10330.8 23527.9 5.31072
0.1775 0.00805807 -0.0360594 -0.084887 13151.4 10382.4 23533.8 5.29232
0.1785 0.00823545 -0.0324793 -0.0782037 13105.3 10414.2 23519.5 5.27375
0.1795 0.00780624 -0.0275164 -0.0741296 13056.3 10452.5 23508.8 5.25403
0.1805 0.014202 -0.0262537 -0.0742784 13005 10506.2 23511.2 5.23339
0.1815 0.014406 -0.0263376 -0.0685182 12953.5 10551.8 23505.3 5.21267
0.1825 0.00917196 -0.0238924 -0.0679813 12903.9 10602.5 23506.4 5.19274
0.1835 0.00438881 -0.0271463 -0.0653062 12858.7 10644.3 23503 5.17454
0.1845 0.0034194 -0.0274596 -0.0569735 12821.4 10690 23511.4 5.15953
0.1855 0.00204039 -0.0293012 -0.0574055 12797.7 10703.1 23500.8 5.14998
0.1865 0.00485182 -0.0306902 -0.0604639 12794.3 10680.5 23474.8 5.14861
0.1875 0.00281286 -0.037734 -0.062376 12816.4 10653.7 23470.1 5.1575
0.1885 -0.000413418 -0.0382237 -0.064496 12864.6 10607.8 23472.4 5.17689
0.1895 -0.00255346 -0.0386643 -0.0637169 12933.6 10520.9 23454.5 5.20466
0.1905 -0.00312948 -0.0356855 -0.0617027 13014.2 10455.6 23469.7 5.2371
0.1915 0.00285387 -0.0360551 -0.0647268 13096 10362.9 23458.9 5.27004
0.1925 0.0024209 -0.0371046 -0.0655012 13169.9 10304.3 23474.3 5.29977
0.1935 0.00206089 -0.0357327 -0.0644484 13229.4 10234.1 23463.6 5.32371
0.1945 0.000923872 -0.0361238 -0.0603933 13271.2 10203 23474.2 5.34053
0.1955 -0.00123143 -0.0317169 -0.0565327 13294.6 10184.5 23479 5.34993
0.1965 0.00382447 -0.0304408 -0.06188 13299.1 10189.4 23488.4 5.35173
0.1975 0.00739193 -0.0298886 -0.0558957 13283 10193.5 23476.5 5.34529
0.1985 0.00563562 -0.0231155 -0.0549029 13243.2 10217.7 23461 5.32926
0.1995 0.0033803 -0.0172279 -0.0559454 13176.6 10287.9 23464.6 5.30247
0.2005 0.00350815 -0.0136707 -0.0552197 13083.3 10398 23481.3 5.2649
0.2015 0.00315921 -0.0117188 -0.0569894 12967.9 10533.7 23501.6 5.21846
0.2025 0.00825602 -0.014854 -0.0641115 12840.2 10641.5 23481.6 5.16707
0.2035 0.0124557 -0.0150456 -0.0610998 12713.9 10750.1 23464 5.11625
0.2045 0.00808358 -0.015964 -0.0590503 12604.6 10858.4 23463 5.07227
0.2055 0.00587308 -0.0198002 -0.0627317 12526.3 10938.1 23464.4 5.04078
0.2065 0.00897056 -0.0232563 -0.0557466 12488.6 10974.6 23463.3 5.02561
0.2075 0.00958854 -0.0236568 -0.0526681 12494.5 10971.2 23465.6 5.02795
0.2085 0.00810122 -0.0242157 -0.052526 12540.5 10936.9 23477.4 5.04649
0.2095 0.00925756 -0.0294476 -0.0560937 12619.2 10903.1 23522.3 5.07815
0.2105 0.0123317 -0.0276566 -0.0581775 12720.7 10780.1 23500.8 5.11901
0.2115 0.014933 -0.0313549 -0.0607166 12835.2 10683.3 23518.5 5.16507
0.2125 0.0169502 -0.0259151 -0.0653486 12953.8 10584.8 23538.6 5.21281
0.2135 0.0203778 -0.024931 -0.0629349 13070.1 10466.1 23536.2 5.25961
0.2145 0.0146261 -0.0256367 -0.0645943 13180 10385.8 23565.9 5.30383
0.2155 0.0120578 -0.0234504 -0.0656562 13281.2 10275.1 23556.4 5.34456
0.2165 0.0127139 -0.0237346 -0.0735869 13371.8 10186.9 23558.7 5.38102
0.2175 0.0120883 -0.0227199 -0.073597 13449 10090.6 23539.7 5.41208
0.2185 0.0103045 -0.0198417 -0.0719032 13508.7 10016.7 23525.3 5.43608
0.2195 -0.000626326 -0.0234427 -0.0733752 13546.3 9976.61 23522.9 5.45124
0.2205 -0.000221491 -0.0228591 -0.0719848 13558.3 9974.09 23532.4 5.45607
0.2215 -0.00381112 -0.0204711 -0.0696368 13543.4 9974.77 23518.2 5.45006
0.2225 -0.0064714 -0.0225425 -0.0710206 13502.8 10036.7 23539.6 5.43373
0.2235 -0.0114248 -0.0249252 -0.0705013 13440.6 10102.7 23543.2 5.40869
0.2245 -0.00972629 -0.021822 -0.0713396 13361.9 10207.5 23569.4 5.37702
0.2255 -0.00901484 -0.019577 -0.065527 13272.3 10272.2 23544.6 5.34098
0.2265 -0.0094173 -0.0198746 -0.0648675 13177.2 10356.9 23534 5.30268
0.2275 -0.00824809 -0.0200253 -0.0620418 13081.1 10456.4 23537.5 5.26401
0.2285 -0.00531054 -0.0194664 -0.0616813 12988.9 10535.6 23524.6 5.22694
0.2295 -0.00651598 -0.0179286 -0.0592411 12906.4 10630.2 23536.5 5.1937
0.2305 -0.00345111 -0.0238907 -0.0601385 12839.8 10687.4 23527.2 5.1669
0.2315 -0.00282359 -0.0221837 -0.0546613 12795.4 10734.2 23529.6 5.14907
0.2325 -0.00402713 -0.0237496 -0.0496196 12778 10736.1 23514.1 5.14207
0.2335 -0.00976849 -0.0239079 -0.0495777 12789.4 10716.5 23505.9 5.14662
0.2345 -0.012579 -0.0270875 -0.0466227 12828.1 10659.9 23488 5.16221
0.2355 -0.0164527 -0.0204346 -0.0426641 12891 10599.3 23490.3 5.18752
0.2365 -0.019576 -0.0227387 -0.036954 12973.7 10503.5 23477.2 5.22081
0.2375 -0.0213403 -0.023855 -0.0367441 13070.8 10401.5 23472.3 5.25989
0.2385 -0.0216856 -0.0269296 -0.0381216 13174.3 10319.3 23493.6 5.30155
0.2395 -0.0247124 -0.0257185 -0.0363491 13273.7 10239.9 23513.6 5.34151
0.2405 -0.0268057 -0.0252092 -0.0332983 13357.5 10153.6 23511.1 5.37523
0.2415 -0.0248663 -0.0298288 -0.0362201 13416.6 10102.7 23519.3 5.39902
0.2425 -0.0233355 -0.0285585 -0.0372529 13446 10066.2 23512.2 5.41088
0.2435 -0.0255194 -0.0238473 -0.0399566 13444.8 10061.6 23506.4 5.41037
0.2445 -0.0283098 -0.0210378 -0.0355077 13414.8 10074.9 23489.7 5.39831
0.2455 -0.0257721 -0.0236447 -0.03369 13360.4 10143.7 23504.1 5.3764
0.2465 -0.0273686 -0.0271201 -0.0362942 13287.8 10231.9 23519.7 5.3472
0.2475 -0.0281325 -0.0290141 -0.0353861 13205.2 10302.7 23508 5.31398
0.2485 -0.0285444 -0.0328363 -0.0312252 13122 10357.6 23479.6 5.28048
0.2495 -0.0276518 -0.0291303 -0.0296497 13046.3 10426.2 23472.5 5.25002
0.2505 -0.0312224 -0.0323271 -0.0273609 12983.7 10492.4 23476.1 5.22482
0.2515 -0.0277949 -0.0330968 -0.0254116 12935.1 10537.3 23472.5 5.20528
0.2525 -0.0291358 -0.0351958 -0.0240765 12897.8 10590.1 23487.9 5.19027
0.2535 -0.0246382 -0.0388198 -0.0255013 12867.1 10629 23496.1 5.17789
0.2545 -0.0260115 -0.0399895 -0.0234246 12838.7 10646.7 23485.4 5.16647
0.2555 -0.0241575 -0.0399799 -0.0256333 12810.6 10683 23493.6 5.15518
0.2565 -0.0273485 -0.0424538 -0.0208669 12783.2 10718.8 23501.9 5.14413
0.2575 -0.0283957 -0.0454822 -0.0156617 12757.6 10750.3 23507.9 5.13385
0.2585 -0.0258723 -0.0477577 -0.0162721 12735.3 10785.8 23521.1 5.12488
0.2595 -0.0280395 -0.0517669 -0.0183663 12716.9 10795.8 23512.7 5.11747
0.2605 -0.0246315 -0.0501248 -0.0178285 12702.7 10813.7 23516.3 5.11174
0.2615 -0.0225997 -0.0471035 -0.0109906 12692.7 10819 23511.6 5.10772
0.2625 -0.0196583 -0.0499123 -0.0145879 12686.8 10826.1 23512.8 5.10533
0.2635 -0.0233014 -0.0478113 -0.0134778 12684.3 10841.5 23525.8 5.10435
0.2645 -0.0251534 -0.0510628 -0.011435 12684.4 10841.4 23525.8 5.10439
0.2655 -0.0281194 -0.0494082 -0.0151486 12685.8 10840 23525.8 5.10496
0.2665 -0.0248617 -0.0508373 -0.0162587 12687.8 10823.7 23511.5 5.10577
0.2675 -0.0257964 -0.0529885 -0.0127473 12690.7 10824.4 23515.2 5.10694
0.2685 -0.0248523 -0.0547323 -0.0114641 12695.9 10814.5 23510.4 5.109
0.2695 -0.0271773 -0.0536423 -0.00832844 12705.7 10816.7 23522.4 5.11295
0.2705 -0.0279098 -0.0585401 -0.00701237 12722.7 10794.9 23517.6 5.1198
0.2715 -0.0315413 -0.0612381 -0.00670147 12748.8 10784.3 23533.1 5.13031
0.2725 -0.0320693 -0.0631082 -0.00438786 12784.5 10753.3 23537.8 5.14467
0.2735 -0.0307078 -0.0651424 -0.00131702 12828.7 10706.7 23535.3 5.16244
0.2745 -0.0341431 -0.0707643 -0.00238132 12879 10651.6 23530.6 5.18271
0.2755 -0.033727 -0.0719322 -0.00216579 12933 10597.5 23530.5 5.20444
0.2765 -0.036302 -0.0698322 -0.000195503 12988.9 10548.8 23537.6 5.22691
0.2775 -0.0357027 -0.0712188 -0.00415897 13045.6 10468.3 23513.9 5.24973
0.2785 -0.0360558 -0.0672497 -0.00157642 13103.2 10448.7 23551.9 5.27293
0.2795 -0.0361493 -0.0651944 -0.00520229 13161.9 10382.9 23544.8 5.29652
0.2805 -0.038054 -0.0612395 -0.00289631 13221.1 10316.6 23537.7 5.32035
0.2815 -0.0352302 -0.0604039 -0.00440693 13278.8 10242.3 23521.1 5.34357
0.2825 -0.0350923 -0.0623341 0.000573158 13331.3 10217 23548.3 5.3647
0.2835 -0.0267668 -0.0639801 0.00320911 13373.6 10177 23550.5 5.38171
0.2845 -0.0265236 -0.0609188 0.00228405 13400.2 10157.4 23557.6 5.39244
0.2855 -0.0259557 -0.0554349 0.00463581 13406.8 10167.4 23574.2 5.3951
0.2865 -0.0260367 -0.0491235 0.00811291 13390.4 10173.1 23563.5 5.3885
0.2875 -0.0282636 -0.0516145 0.00920582 13350.4 10184.6 23535.1 5.37241
0.2885 -0.0330596 -0.0513217 0.0106483 13288.7 10241.7 23530.4 5.34757
0.2895 -0.0317018 -0.0508515 0.0100284 13209.8 10324.4 23534.1 5.3158
0.2905 -0.0301244 -0.0533845 0.0071559 13120.2 10409.2 23529.4 5.27975
0.2915 -0.02859 -0.058738 0.00403738 13028 10503.9 23531.9 5.24267
0.2925 -0.0317771 -0.0592834 0.000322819 12941.6 10584.5 23526 5.20787
0.2935 -0.0329081 -0.062647 -0.00114965 12868.1 10675.9 23544 5.17829
0.2945 -0.0346362 -0.0690633 -6.4373e-05 12812.7 10738.5 23551.1 5.15601
0.2955 -0.0317447 -0.0713619 0.00275373 12777.7 10761.6 23539.3 5.14194
0.2965 -0.0300395 -0.0692552 0.0020833 12762.1 10762.8 23524.9 5.13565
0.2975 -0.0318743 -0.0694145 -0.000422955 12761.8 10755.8 23517.7 5.13554
0.2985 -0.0357193 -0.0726312 -0.00137758 12770.7 10754 23524.7 5.13913
0.2995 -0.0394729 -0.0731072 -0.00382948 12782.5 10726.6 23509.2 5.14388
0.3005 -0.0356336 -0.0758557 -0.00568151 12792.4 10719.1 23511.5 5.14784
0.3015 -0.0340638 -0.07514 -0.00283098 12798 10684.9 23482.9 5.15012
0.3025 -0.0282025 -0.0774679 -0.00653887 12800 10673.5 23473.6 5.15092
0.3035 -0.0319278 -0.0771337 -0.00702429 12801 10688 23489 5.15131
0.3045 -0.0364826 -0.0780978 -0.00831652 12804.4 10677.5 23481.9 5.15269
0.3055 -0.041621 -0.07657 -0.0044713 12812.7 10692.9 23505.6 5.156
0.3065 -0.0430152 -0.0785679 -0.00220633 12825.9 10691.5 23517.5 5.16134
0.3075 -0.0391848 -0.081386 -0.000723362 12842.1 10676.5 23518.5 5.16784
0.3085 -0.0412219 -0.0779479 0.000241756 12857.4 10671.8 23529.2 5.17401
0.3095 -0.0434518 -0.0794728 -0.00159883 12867.8 10660.2 23527.9 5.17817
0.3105 -0.0417352 -0.075851 -0.00542974 12870.1 10655.5 23525.5 5.17909
0.3115 -0.0382719 -0.0772586 -0.00256777 12863.7 10667.9 23531.5 5.17653
0.3125 -0.0376825 -0.0766673 -0.00129843 12850.5 10676.4 23526.9 5.17123
0.3135 -0.0380521 -0.0764031 -0.000601292 12834.3 10678.4 23512.7 5.1647
0.3145 -0.0412831 -0.0723498 0.00250006 12818.3 10705.1 23523.4 5.15826
0.3155 -0.0434651 -0.0725616 0.00478697 12803.1 10725 23528.1 5.15214
0.3165 -0.0450997 -0.0730575 0.00592756 12786.8 10722.3 23509 5.14558
0.3175 -0.0473981 -0.0758671 0.00545263 12767.2 10709.8 23477 5.13769
0.3185 -0.0452652 -0.0734008 0.00320768 12744.3 10752.9 23497.2 5.1285
0.3195 -0.0461955 -0.0767121 0.00432014 12721.5 10776.9 23498.5 5.11933
0.3205 -0.0455251 -0.0747685 0.00128937 12703.5 10808.1 23511.6 5.11206
0.3215 -0.0490785 -0.0710816 0.00353575 12692.6 10813 23505.6 5.10769
0.3225 -0.0505414 -0.0698552 0.00445318 12687.8 10827.3 23515.1 5.10575
0.3235 -0.0452557 -0.0685983 -0.000247955 12685.1 10793 23478.1 5.10467
0.3245 -0.0493984 -0.0650658 -0.0018878 12680.3 10802.5 23482.9 5.10275
0.3255 -0.0465107 -0.063395 -0.00276709 12671.5 10829.3 23500.8 5.09918
0.3265 -0.0483971 -0.065741 0.000869274 12659.6 10827 23486.6 5.0944
0.3275 -0.0537014 -0.0668654 0.000263691 12648.3 10852.6 23500.9 5.08988
0.3285 -0.0497723 -0.0662197 0.00234127 12641.6 10875.9 23517.5 5.08716
0.3295 -0.0499172 -0.0668511 0.00998545 12641.4 10878.5 23519.9 5.08708
0.3305 -0.0494032 -0.0665631 0.010401 12647.2 10867.9 23515.1 5.0894
0.3315 -0.0504789 -0.0659356 0.0123031 12655.8 10847.3 23503.2 5.0929
0.3325 -0.0488863 -0.071463 0.0154276 12664.1 10833.1 23497.2 5.09621
0.3335 -0.0427947 -0.0696721 0.0157098 12669.7 10815.6 23485.4 5.09848
0.3345 -0.0410514 -0.0679392 0.0159216 12672.8 10814.9 23487.7 5.09972
0.3355 -0.0442748 -0.069736 0.0187101 12674.9 10821.1 23496.1 5.10057
0.3365 -0.0514479 -0.071156 0.0154115 12678.1 10784.8 23462.9 5.10184
0.3375 -0.0541916 -0.0768647 0.0155835 12683.3 10760.5 23443.9 5.10396
0.3385 -0.0552018 -0.0750804 0.0148976 12690.1 10760.8 23450.9 5.10669
0.3395 -0.0534289 -0.0739035 0.00993085 12696.1 10732.3 23428.4 5.1091
0.3405 -0.0535939 -0.0714969 0.011054 12698.2 10740.9 23439 5.10992
0.3415 -0.0582385 -0.0700588 0.0118208 12693.4 10753.8 23447.3 5.10801
0.3425 -0.0591512 -0.0735483 0.00886106 12680.2 10744.5 23424.7 5.10269
0.3435 -0.0564952 -0.0731411 0.00608301 12658.2 10746.3 23404.5 5.09386
0.3445 -0.0542748 -0.0721702 0.00746012 12628.1 10779.9 23408 5.08173
0.3455 -0.0519632 -0.0722904 0.0120454 12590.2 10796.5 23386.6 5.06647
0.3465 -0.048879 -0.0744285 0.00998735 12544 10807 23351 5.04788
0.3475 -0.0461746 -0.0723209 0.010447 12488.6 10854.1 23342.7 5.02558
0.3485 -0.0450745 -0.0738606 0.0133281 12424 10925.8 23349.8 4.99959
0.3495 -0.0457577 -0.0787511 0.0172038 12352.6 10992.6 23345.2 4.97086
0.3505 -0.0476876 -0.0860562 0.0171304 12279.1 11068.5 23347.7 4.94131
0.3515 -0.0467169 -0.0871319 0.021637 12210.1 11172 23382.1 4.91353
0.3525 -0.0456959 -0.0894513 0.0232735 12152.1 11237.2 23389.4 4.89019
0.3535 -0.0465662 -0.0908609 0.0259929 12110.3 11296.9 23407.2 4.87335
0.3545 -0.0471265 -0.0893884 0.028419 12087.1 11349.8 23436.9 4.86401
0.3555 -0.0423071 -0.0899282 0.0322213 12082.1 11377.3 23459.4 4.862
0.3565 -0.0419747 -0.0924057 0.032311 12091.8 11356.8 23448.6 4.8659
0.3575 -0.0368864 -0.0935453 0.0278335 12110.8 11358 23468.7 4.87354
0.3585 -0.030085 -0.0897268 0.0279994 12133.3 11336.5 23469.7 4.8826
0.3595 -0.0307741 -0.0910181 0.0329423 12154.9 11299.4 23454.3 4.8913
0.3605 -0.0281777 -0.0908903 0.029386 12173.4 11311.7 23485.2 4.89877
0.3615 -0.0284829 -0.0886072 0.0271039 12190 11276.3 23466.3 4.90542
0.3625 -0.0306506 -0.0883306 0.0306716 12208.2 11257 23465.2 4.91275
0.3635 -0.0303607 -0.0909179 0.032989 12233.1 11221.5 23454.6 4.92278
0.3645 -0.0279479 -0.0936227 0.0327563 12269.1 11179.6 23448.7 4.93727
0.3655 -0.0303168 -0.0938077 0.0320935 12318 11125.9 23443.9 4.95695
0.3665 -0.0288959 -0.0895429 0.0261025 12378.9 11042.4 23421.3 4.98144
0.3675 -0.0281386 -0.0896022 0.0293994 12448.6 10973.8 23422.4 5.00948
0.3685 -0.0281787 -0.0956867 0.0309186 12522.8 10898.4 23421.1 5.03934
0.3695 -0.0319037 -0.100045 0.0304465 12596.1 10822.6 23418.7 5.06887
0.3705 -0.029861 -0.100671 0.0281463 12662.5 10763.2 23425.7 5.09557
0.3715 -0.0325885 -0.105113 0.0218673 12715.1 10704.6 23419.7 5.11675
0.3725 -0.0338721 -0.105167 0.0227723 12747.6 10649.5 23397.1 5.12983
0.3735 -0.0375342 -0.102244 0.0234132 12755.8 10665 23420.8 5.13313
0.3745 -0.0398498 -0.103405 0.0245366 12739.2 10678.2 23417.3 5.12642
0.3755 -0.0390697 -0.102646 0.0214143 12701.6 10715.9 23417.5 5.11131
0.3765 -0.0421615 -0.102982 0.0242858 12651.2 10754.5 23405.7 5.09101
0.3775 -0.0446391 -0.0977802 0.0182137 12598.5 10803.8 23402.3 5.06983
0.3785 -0.048223 -0.0940862 0.0157762 12554.6 10855 23409.5 5.05214
0.3795 -0.0489602 -0.09218 0.0183063 12528.2 10898 23426.2 5.04152
0.3805 -0.0529675 -0.0869505 0.0164456 12524.3 10938.7 23463 5.03995
0.3815 -0.0561166 -0.0867688 0.0137591 12543 10915.1 23458.1 5.0475
0.3825 -0.049603 -0.0807266 0.015471 12580.7 10892.8 23473.5 5.06267
0.3835 -0.0466542 -0.0789785 0.00889635 12631.2 10842.2 23473.4 5.08296
0.3845 -0.0463591 -0.0766618 0.00237799 12687.4 10753.9 23441.3 5.10561
0.3855 -0.0516324 -0.0802314 -0.00225735 12743.4 10707.3 23450.6 5.12811
0.3865 -0.0517144 -0.0871865 0.00311089 12793.9 10603.3 23397.2 5.14844
0.3875 -0.0494742 -0.090368 0.00288105 12835.2 10552.5 23387.7 5.16507
0.3885 -0.0541091 -0.0910746 0.00424385 12864.7 10514.7 23379.4 5.17695
0.3895 -0.0590949 -0.0891721 0.0037446 12881.4 10522.9 23404.3 5.18368
0.3905 -0.0571551 -0.0891302 0.00636768 12886 10519.6 23405.6 5.18551
0.3915 -0.0535235 -0.0905473 0.0089407 12880.6 10522.6 23403.3 5.18336
0.3925 -0.0522246 -0.0900856 0.0110888 12869.1 10535.4 23404.5 5.17872
0.3935 -0.0527492 -0.0962228 0.0135958 12856.7 10561.1 23417.8 5.17372
0.3945 -0.0524248 -0.0956067 0.0164716 12849.7 10567 23416.7 5.17092
0.3955 -0.0518984 -0.0961007 0.0201426 12854.2 10557.7 23411.9 5.17271
0.3965 -0.0534262 -0.0962484 0.0263252 12872.2 10547.9 23420.1 5.17994
0.3975 -0.0531287 -0.0970871 0.0284722 12899 10530.5 23429.4 5.19073
0.3985 -0.0531516 -0.0977362 0.0297234 12924.1 10522.9 23447 5.20086
0.3995 -0.0552025 -0.10042 0.0311115 12936.2 10517.9 23454.1 5.2057
0.4005 -0.0555495 -0.103031 0.0322473 12926.6 10512 23438.6 5.20184
0.4015 -0.0553664 -0.109087 0.0336111 12891.8 10550.3 23442.2 5.18785
0.4025 -0.0548321 -0.114025 0.0328796 12833.2 10610.3 23443.4 5.16425
0.4035 -0.0532585 -0.113144 0.0306027 12755.5 10692.7 23448.2 5.13302
0.4045 -0.0552498 -0.107963 0.0267891 12666.5 10768.8 23435.3 5.0972
0.4055 -0.0584599 -0.107084 0.0203801 12574.1 10866.1 23440.2 5.05999
0.4065 -0.0558946 -0.103207 0.0202729 12484.7 10955.5 23440.2 5.02402
0.4075 -0.0510452 -0.106154 0.020672 12402.6 11036.5 23439.1 4.99097
0.4085 -0.0508869 -0.106524 0.024158 12329.9 11116.3 23446.2 4.96174
0.4095 -0.0501039 -0.105137 0.0299697 12268.5 11189.7 23458.2 4.93701
0.4105 -0.0578609 -0.0984893 0.0297123 12220.1 11239.2 23459.3 4.91755
0.4115 -0.0565391 -0.0986874 0.0259492 12186.3 11280 23466.4 4.90396
0.4125 -0.0581431 -0.0979595 0.0246588 12167 11294.6 23461.6 4.89617
0.4135 -0.0611005 -0.10218 0.0221774 12159.6 11290.1 23449.7 4.89322
0.4145 -0.0586276 -0.106344 0.0242219 12159.6 11305.4 23465 4.89321
0.4155 -0.0570865 -0.102323 0.0207562 12161.6 11292.6 23454.2 4.894
0.4165 -0.0530486 -0.102878 0.022208 12161 11287.3 23448.3 4.89374
0.4175 -0.0546765 -0.10739 0.022888 12154.9 11282.7 23437.6 4.89131
0.4185 -0.0483088 -0.108024 0.0201938 12142.9 11284 23426.9 4.88649
0.4195 -0.0411963 -0.104552 0.0247571 12127.1 11304.6 23431.7 4.88011
0.4205 -0.0386226 -0.106439 0.023524 12111.4 11310.8 23422.3 4.87381
0.4215 -0.0382535 -0.105986 0.0210311 12100.7 11335.9 23436.6 4.8695
0.4225 -0.0373838 -0.110637 0.0208023 12098.9 11328.2 23427.1 4.86877
0.4235 -0.0412443 -0.11016 0.0240483 12107.9 11322.8 23430.7 4.87238
0.4245 -0.0410898 -0.104223 0.0269589 12128 11282.5 23410.4 4.88047
0.4255 -0.0410421 -0.0966146 0.0253563 12158 11247.7 23405.7 4.89257
0.4265 -0.0446353 -0.0944169 0.0238914 12195.5 11197.1 23392.6 4.90763
0.4275 -0.0444713 -0.0935991 0.0234814 12236.2 11157.5 23393.7 4.92401
0.4285 -0.045856 -0.0879047 0.0201626 12275.7 11138.1 23413.8 4.93991
0.4295 -0.0466018 -0.0839708 0.0215778 12311.1 11097.9 23409 4.95415
0.4305 -0.0500007 -0.0851557 0.0216532 12342.3 11053.8 23396.1 4.96672
0.4315 -0.0555472 -0.0798357 0.0248785 12372.6 11020.1 23392.7 4.9789
0.4325 -0.0555491 -0.0792134 0.0236578 12407.4 10975.9 23383.3 4.99293
0.4335 -0.0535865 -0.0761616 0.0182142 12452.5 10930.9 23383.4 5.01106
0.4345 -0.0556369 -0.0714478 0.0162268 12511.7 10868.2 23379.9 5.03489
0.4355 -0.0591674 -0.0679946 0.0166159 12585.6 10814.4 23400 5.06462
0.4365 -0.0622802 -0.0668964 0.0134707 12671 10712.2 23383.3 5.09901
0.4375 -0.0642695 -0.0671444 0.0117469 12762.4 10629.1 23391.5 5.13578
0.4385 -0.0644813 -0.0671692 0.0166593 12852.7 10537.5 23390.2 5.17212
0.4395 -0.06459 -0.0688229 0.0186553 12935.3 10438.3 23373.6 5.20535
0.4405 -0.062109 -0.0657196 0.0185623 13004.3 10378.7 23383 5.23312
0.4415 -0.0615616 -0.0703137 0.0160418 13055.5 10329.8 23385.4 5.25374
0.4425 -0.0644035 -0.074734 0.014565 13086.5 10300.1 23386.5 5.26619
0.4435 -0.0624313 -0.0768588 0.0132985 13096.9 10293.3 23390.2 5.27038
0.4445 -0.0600491 -0.0741012 0.0149088 13088.9 10296.7 23385.6 5.26715
0.4455 -0.0577888 -0.0706072 0.0153842 13066.3 10338.4 23404.7 5.25805
0.4465 -0.0573845 -0.0744307 0.0148826 13034.1 10365.8 23399.9 5.24511
0.4475 -0.0574188 -0.077944 0.0151467 12997.3 10409.9 23407.1 5.2303
0.4485 -0.0614948 -0.0768044 0.0117359 12959.3 10418.1 23377.4 5.21502
0.4495 -0.0643768 -0.0735857 0.00925733 12921.6 10453.4 23375 5.19984
0.4505 -0.0655746 -0.0744479 0.012063 12882.9 10513.5 23396.3 5.18425
0.4515 -0.0619431 -0.0698931 0.0168486 12839.8 10526.8 23366.6 5.16693
0.4525 -0.0608559 -0.0674868 0.019784 12788.3 10565.3 23353.5 5.14618
0.4535 -0.0633087 -0.0708435 0.0144277 12724.9 10641.6 23366.5 5.12067
0.4545 -0.0622363 -0.0719583 0.0101781 12648.5 10727.6 23376 5.08994
0.4555 -0.0621352 -0.069911 0.00981377 12561.2 10809.1 23370.2 5.05479
0.4565 -0.0608993 -0.0664225 0.00821924 12468.2 10921 23389.2 5.01738
0.4575 -0.0608058 -0.0638485 0.00898501 12376.9 11015.9 23392.9 4.98066
0.4585 -0.0694633 -0.0676088 0.00997826 12295 11102.7 23397.8 4.9477
0.4595 -0.0684905 -0.0715259 0.0107565 12227.4 11195.3 23422.7 4.92047
0.4605 -0.0681911 -0.0667051 0.012916 12175 11252.3 23427.3 4.8994
0.4615 -0.0662265 -0.0675099 0.0140898 12135.5 11272.7 23408.2 4.88352
0.4625 -0.0663323 -0.0704796 0.0184345 12105.1 11307.8 23412.9 4.87128
0.4635 -0.0622087 -0.0708449 0.0189133 12081.4 11347 23428.4 4.86171
0.4645 -0.0640883 -0.0674958 0.0144786 12064.2 11366.6 23430.8 4.85481
0.4655 -0.0656009 -0.0715436 0.00951016 12055.9 11371.4 23427.3 4.85147
0.4665 -0.0638289 -0.0709991 0.00441706 12058.9 11370.8 23429.6 4.85266
0.4675 -0.0608516 -0.0702915 -0.00277603 12074.1 11367.3 23441.5 4.85881
0.4685 -0.0622764 -0.0702168 -0.00374937 12101.1 11366.5 23467.6 4.86964
0.4695 -0.0672879 -0.0665695 -0.00167966 12138.7 11317 23455.7 4.88478
0.4705 -0.0707421 -0.0670744 -0.00278807 12187.1 11267.4 23454.5 4.90428
0.4715 -0.0716348 -0.0664836 0.000531435 12248.3 11203.9 23452.2 4.9289
0.4725 -0.0762658 -0.0682727 0.00030303 12324.1 11118.6 23442.7 4.95938
0.4735 -0.0695577 -0.0682132 0.00236654 12414.2 11030.8 23445 4.99567
0.4745 -0.0700192 -0.0695387 0.00688863 12515.1 10928.7 23443.8 5.03627
0.4755 -0.0712266 -0.0686241 0.0055418 12619.2 10840 23459.1 5.07814
0.4765 -0.0734315 -0.0644528 0.00701094 12716.7 10729.1 23445.8 5.11739
0.4775 -0.0783257 -0.0621076 0.0100083 12798 10626.5 23424.4 5.15009
0.4785 -0.0814443 -0.0601907 0.0111966 12855.2 10571.5 23426.7 5.17313
0.4795 -0.0852962 -0.0587947 0.0101986 12884.2 10556.7 23440.9 5.18479
0.4805 -0.0885577 -0.060281 0.0104132 12884.5 10535.1 23419.7 5.18492
0.4815 -0.0875144 -0.0556862 0.00679541 12859.1 10547.5 23406.6 5.17468
0.4825 -0.0905223 -0.0553458 0.00296187 12812.9 10598.5 23411.4 5.15611
0.4835 -0.0891738 -0.0550911 0.00618148 12752.5 10644.9 23397.4 5.13178
0.4845 -0.0904956 -0.0567486 0.00354362 12684.1 10716.8 23401 5.10428
0.4855 -0.0862136 -0.0584376 0.00066638 12614.1 10788.2 23402.2 5.07608
0.4865 -0.0825305 -0.0590575 0.00148273 12547.5 10879.8 23427.2 5.04928
0.4875 -0.0818725 -0.0585625 -0.00545335 12489.1 10940.5 23429.6 5.02581
0.4885 -0.0830016 -0.0581934 -0.0044868 12443.5 10958.9 23402.4 5.00746
0.4895 -0.085115 -0.0578129 -0.00440001 12414.9 10972.1 23387.1 4.99595
0.4905 -0.0878272 -0.0617363 -0.00890613 12406.6 10993.5 23400.1 4.99261
0.4915 -0.0860763 -0.0640459 -0.0156024 12420.1 10972.9 23393 4.99802
0.4925 -0.0862727 -0.060956 -0.0146544 12453.4 10940.7 23394.1 5.01142
0.4935 -0.0905509 -0.0621881 -0.0184338 12501.1 10899.9 23401 5.03064
0.4945 -0.0908866 -0.0657549 -0.0147231 12556.2 10845.9 23402.2 5.05282
0.4955 -0.0893316 -0.0660501 -0.0156553 12612.4 10796.8 23409.2 5.07539
0.4965 -0.0863008 -0.0625958 -0.0138609 12666.9 10762.6 23429.4 5.09732
0.4975 -0.0808086 -0.0625691 -0.0111382 12720.8 10718.2 23439 5.11904
0.4985 -0.0840206 -0.0643048 -0.0122654 12777.3 10657.1 23434.4 5.14176
0.4995 -0.0929198 -0.0641091 -0.0110505 12837.9 10596.5 23434.4 5.16616
0.5005 -0.0995526 -0.0706458 -0.00676322 12901.1 10514.2 23415.3 5.1916
0.5015 -0.104141 -0.0734611 -0.000825644 12962 10471.1 23433 5.21608
0.5025 -0.104654 -0.0705597 0.00147223 13014.4 10411.4 23425.7 5.23717
0.5035 -0.106468 -0.0722115 0.000359774 13053.5 10379.3 23432.9 5.25293
0.5045 -0.104709 -0.0697548 0.00224757 13077.4 10337.7 23415.1 5.26254
0.5055 -0.106638 -0.0663331 0.00293899 13086.8 10331.8 23418.7 5.26633
0.5065 -0.112255 -0.0683148 0.00614715 13084.3 10340.3 23424.6 5.26532
0.5075 -0.11532 -0.0736268 0.00658107 13073 10373 23446 5.26077
0.5085 -0.113242 -0.0740983 0.00805306 13056.2 10386.3 23442.5 5.25402
0.5095 -0.114473 -0.0740259 0.00912023 13037.5 10416.9 23454.4 5.24649
0.5105 -0.11217 -0.0766752 0.0138409 13020.4 10443.6 23464 5.2396
0.5115 -0.115173 -0.0765225 0.0128777 13007.3 10442.4 23449.7 5.23432
0.5125 -0.112095 -0.0748118 0.0148394 12998.5 10441.6 23440.1 5.23079
0.5135 -0.107247 -0.0762327 0.0143921 12991.5 10447.3 23438.9 5.22798
0.5145 -0.105178 -0.083046 0.0198414 12981.6 10470.2 23451.8 5.22398
0.5155 -0.1046 -0.0868277 0.0176568 12963.7 10475 23438.7 5.21678
0.5165 -0.106147 -0.0884221 0.0141132 12934.3 10486.5 23420.8 5.20495
0.5175 -0.103907 -0.0853741 0.0166023 12892.3 10516.7 23409 5.18804
0.5185 -0.107312 -0.0792842 0.0176436 12838.7 10582.3 23421 5.16647
0.5195 -0.107056 -0.0800068 0.0093528 12776.7 10625.2 23402 5.14154
0.5205 -0.10728 -0.0764325 0.0132943 12710.9 10684.1 23395 5.11507
0.5215 -0.109201 -0.0717671 0.0136626 12646.5 10767.5 23414 5.08915
0.5225 -0.109164 -0.0695851 0.0130836 12589 10854.9 23443.9 5.06601
0.5235 -0.108998 -0.0675442 0.0138829 12543.7 10899.1 23442.8 5.04776
0.5245 -0.106162 -0.0626252 0.00879788 12514.7 10925.7 23440.4 5.0361
0.5255 -0.110934 -0.0613153 0.00841736 12504.4 10938.4 23442.8 5.03194
0.5265 -0.109795 -0.0606105 0.0143311 12512 10928.3 23440.3 5.03501
0.5275 -0.111125 -0.0582321 0.019563 12534.4 10920.1 23454.5 5.04401
0.5285 -0.11509 -0.0642841 0.0210679 12566.7 10872.2 23438.9 5.05702
0.5295 -0.113629 -0.0678012 0.0244582 12604.7 10840.1 23444.9 5.07232
0.5305 -0.115238 -0.0659244 0.0239194 12646.7 10812.5 23459.2 5.08921
0.5315 -0.120351 -0.0697825 0.0301745 12693.9 10766.5 23460.4 5.10821
0.5325 -0.121499 -0.0726912 0.0248793 12749.3 10710 23459.3 5.13049
0.5335 -0.11804 -0.077096 0.0212029 12814.4 10640.1 23454.5 5.15669
0.5345 -0.116788 -0.0784178 0.0238265 12887.2 10550.6 23437.8 5.186
0.5355 -0.121598 -0.0771816 0.025544 12961.7 10472.5 23434.2 5.21596
0.5365 -0.125057 -0.0745189 0.0270356 13029.4 10399.9 23429.3 5.24322
0.5375 -0.123192 -0.0727795 0.0262704 13082.5 10344.4 23426.8 5.26458
0.5385 -0.120062 -0.0718107 0.0258794 13115 10310.7 23425.6 5.27766
0.5395 -0.118196 -0.0720832 0.0239186 13123.8 10299.4 23423.2 5.28121
0.5405 -0.114521 -0.0694796 0.0224748 13108.5 10297 23405.5 5.27505
0.5415 -0.11489 -0.0648772 0.0181184 13070.7 10323 23393.7 5.25982
0.5425 -0.114031 -0.0606372 0.0105655 13013.8 10363.4 23377.2 5.23695
0.5435 -0.113533 -0.0620048 0.00721908 12942.6 10440.7 23383.3 5.20828
0.5445 -0.115021 -0.0566271 0.00723147 12862.5 10516.1 23378.6 5.17606
0.5455 -0.117778 -0.052337 0.00909686 12779.3 10636.2 23415.5 5.14259
0.5465 -0.120326 -0.0514596 0.00592113 12698.4 10724.4 23422.8 5.11002
0.5475 -0.118491 -0.0585726 0.00796437 12624.1 10827.1 23451.2 5.08014
0.5485 -0.116959 -0.0561817 0.0178082 12559.6 10891.7 23451.3 5.05418
0.5495 -0.114015 -0.0553206 0.0149987 12507 10951.3 23458.3 5.033
0.5505 -0.115526 -0.0550513 0.0214722 12467.3 10978.1 23445.4 5.01701
0.5515 -0.116195 -0.0523965 0.0236905 12440.9 10994.9 23435.8 5.00641
0.5525 -0.114066 -0.0542486 0.0258896 12428.2 11018.4 23446.5 5.00128
0.5535 -0.111425 -0.0527644 0.0310185 12429.1 11015.2 23444.2 5.00163
0.5545 -0.114098 -0.0531653 0.0272572 12443.3 10991.3 23434.6 5.00735
0.5555 -0.117625 -0.0489286 0.0319738 12470.3 10979.8 23450.1 5.01821
0.5565 -0.123588 -0.0456232 0.0358553 12508.9 10933.9 23442.8 5.03376
0.5575 -0.121063 -0.0499567 0.0379 12557.5 10879.4 23436.9 5.05332
0.5585 -0.118532 -0.0525775 0.0334575 12613.5 10813.8 23427.3 5.07587
0.5595 -0.114068 -0.056951 0.0363569 12672.9 10743.7 23416.6 5.09975
0.5605 -0.111441 -0.0611316 0.0363913 12728.9 10682.9 23411.8 5.12229
0.5615 -0.109369 -0.0659517 0.0321512 12772.9 10638.7 23411.6 5.13999
0.5625 -0.108937 -0.0742849 0.0310855 12795.6 10612.2 23407.8 5.14915
0.5635 -0.111825 -0.0749515 0.0300498 12790 10637.9 23428 5.1469
0.5645 -0.111213 -0.0688993 0.0326738 12753.4 10673.4 23426.8 5.13216
0.5655 -0.113249 -0.0627691 0.0299273 12688.7 10742.9 23431.7 5.10613
0.5665 -0.112097 -0.0577527 0.027854 12604.5 10819 23423.5 5.07222
0.5675 -0.114175 -0.0592977 0.0311047 12513.4 10924.6 23438 5.03557
0.5685 -0.116955 -0.0574485 0.0273999 12430.4 11015 23445.4 5.00218
0.5695 -0.117849 -0.0554967 0.0257732 12370.6 11078.6 23449.2 4.97811
0.5705 -0.118197 -0.0439563 0.0300361 12345.8 11121.3 23467.1 4.96814
0.5715 -0.114016 -0.040278 0.0388013 12362.3 11098.7 23461.1 4.97478
0.5725 -0.11644 -0.0389457 0.0413982 12419.4 11046.4 23465.7 4.99773
0.5735 -0.112743 -0.0332885 0.0390772 12509.6 10966.8 23476.3 5.03403
0.5745 -0.114811 -0.0327125 0.041624 12621.3 10840.5 23461.8 5.07901
0.5755 -0.113997 -0.0283351 0.0427176 12741.9 10707.8 23449.8 5.12754
0.5765 -0.115103 -0.0306859 0.0459524 12859.5 10574.7 23434.2 5.17485
0.5775 -0.115463 -0.0372066 0.0464157 12964.4 10455.4 23419.8 5.21707
0.5785 -0.112909 -0.0389132 0.0440067 13049.6 10363.1 23412.7 5.25137
0.5795 -0.114477 -0.0356088 0.0467428 13110.8 10303.1 23413.9 5.27599
0.5805 -0.118243 -0.034903 0.0422786 13146.4 10275.8 23422.2 5.29031
0.5815 -0.122474 -0.0372143 0.0424296 13157.7 10270.5 23428.2 5.29486
0.5825 -0.122056 -0.0334342 0.0465407 13148.5 10296.4 23445 5.29116
0.5835 -0.119077 -0.031214 0.0445515 13124.4 10317.1 23441.5 5.28145
0.5845 -0.119205 -0.0359843 0.0431353 13091.3 10353.7 23445.1 5.26814
0.5855 -0.121342 -0.0354693 0.0413419 13054.1 10376.8 23430.9 5.25316
0.5865 -0.127853 -0.0389962 0.0373192 13015.2 10416.9 23432.1 5.2375
0.5875 -0.126013 -0.0305438 0.0326729 12974.7 10449.1 23423.8 5.22122
0.5885 -0.127088 -0.0279317 0.0297061 12931.2 10502.2 23433.4 5.2037
0.5895 -0.129193 -0.027844 0.0305034 12882.8 10560 23442.8 5.18423
0.5905 -0.131276 -0.029283 0.030489 12828.9 10603.1 23432.1 5.16255
0.5915 -0.129874 -0.0277705 0.0251181 12770.8 10662.5 23433.3 5.13917
0.5925 -0.127257 -0.031749 0.0251448 12711.4 10724.4 23435.8 5.11526
0.5935 -0.130398 -0.0352898 0.0253853 12654.8 10791.8 23446.6 5.09247
0.5945 -0.130297 -0.0348301 0.0222532 12604.6 10866.9 23471.5 5.07228
0.5955 -0.133346 -0.0327873 0.0210763 12563.3 10907.1 23470.3 5.05564
0.5965 -0.134867 -0.0321584 0.0224611 12531.4 10927 23458.4 5.04281
0.5975 -0.133115 -0.0295005 0.0210587 12507.6 10949.6 23457.2 5.03323
0.5985 -0.130758 -0.0250049 0.0202681 12489.1 10962.1 23451.2 5.02579
0.5995 -0.127819 -0.0287738 0.0223929 12472.4 10972.9 23445.2 5.01906
0.6005 -0.127592 -0.034019 0.0252711 12454.1 10978 23432.1 5.01172
0.6015 -0.123729 -0.030437 0.0251127 12432.1 10992.9 23424.9 5.00285
0.6025 -0.124195 -0.0332885 0.0216566 12406 11014.2 23420.2 4.99237
0.6035 -0.121807 -0.0337472 0.0257593 12378.6 11028.7 23407.3 4.98134
0.6045 -0.123653 -0.0342636 0.0299608 12354.6 11042 23396.6 4.97167
0.6055 -0.126871 -0.0313969 0.0294019 12339 11055.2 23394.3 4.96541
0.6065 -0.123914 -0.0329189 0.0278398 12334.9 11072.4 23407.3 4.96376
0.6075 -0.121539 -0.0293007 0.0304929 12342.9 11062 23404.9 4.96696
0.6085 -0.125028 -0.0314579 0.0350152 12361.5 11036.3 23397.8 4.97443
0.6095 -0.125795 -0.0318241 0.0361634 12387.4 10998.4 23385.8 4.98489
0.6105 -0.128517 -0.0347447 0.0354253 12416.5 10959.8 23376.3 4.99659
0.6115 -0.127886 -0.0301747 0.0359498 12443.7 10927.7 23371.4 5.00752
0.6125 -0.134364 -0.0275826 0.0344716 12464.4 10901.1 23365.5 5.01584
0.6135 -0.139451 -0.0239205 0.0395633 12475.1 10898.7 23373.7 5.02015
0.6145 -0.140728 -0.0195451 0.0392801 12473.3 10899.2 23372.5 5.01945
0.6155 -0.143929 -0.0190811 0.0413476 12458.5 10927.1 23385.6 5.0135
0.6165 -0.144032 -0.0189333 0.0387727 12432.9 10949.3 23382.1 5.00317
0.6175 -0.142231 -0.0178421 0.0408422 12402.4 10988.2 23390.6 4.99089
0.6185 -0.138823 -0.0168827 0.0438995 12376.3 11019.3 23395.6 4.98041
0.6195 -0.138001 -0.013458 0.0467988 12364.7 11041.6 23406.3 4.97575
0.6205 -0.141125 -0.0127437 0.048615 12374.4 11036.6 23411 4.97964
0.6215 -0.141323 -0.013018 0.0492716 12405.6 10998.3 23403.9 4.99219
0.6225 -0.139133 -0.00565219 0.0473509 12452.2 10963.4 23415.6 5.01095
0.6235 -0.138835 -0.00589824 0.0437388 12504.9 10929.5 23434.4 5.03215
0.6245 -0.138856 -0.0110652 0.0378671 12555.1 10878 23433.1 5.05237
0.6255 -0.142813 -0.0092268 0.0395124 12598 10829.2 23427.2 5.06962
0.6265 -0.146414 -0.0149221 0.0429847 12631.9 10806 23437.9 5.08325
0.6275 -0.152392 -0.0147295 0.0417972 12656.6 10788.4 23445 5.09321
0.6285 -0.153489 -0.0126734 0.0408402 12671.1 10778.7 23449.7 5.09902
0.6295 -0.153283 -0.0118742 0.0411152 12672.7 10777 23449.7 5.09968
0.6305 -0.155801 -0.00867414 0.0365815 12659.9 10793.3 23453.2 5.09452
0.6315 -0.156632 -0.00386143 0.0371957 12634.4 10824.9 23459.3 5.08427
0.6325 -0.160488 0.000865936 0.033585 12602.4 10866.6 23468.9 5.07137
0.6335 -0.15873 0.000571728 0.0337798 12574.3 10899.6 23473.9 5.06007
0.6345 -0.158362 0.00412035 0.0310819 12562.5 10931.7 23494.2 5.05533
0.6355 -0.157111 0.00385928 0.0349929 12577.5 10910.9 23488.3 5.06136
0.6365 -0.15691 0.00478053 0.0322444 12623.7 10882.5 23506.2 5.07995
0.6375 -0.149902 0.00767684 0.0313863 12697.4 10826.5 23523.9 5.10963
0.6385 -0.146362 0.00695252 0.0323495 12789.1 10728.6 23517.8 5.14653
0.6395 -0.144891 0.010087 0.0354552 12887.2 10637.5 23524.7 5.186
0.6405 -0.147095 0.0118158 0.0359379 12981 10535.3 23516.3 5.22376
0.6415 -0.139747 0.0125296 0.0373178 13062.7 10446.4 23509.2 5.25664
0.6425 -0.135789 0.00563347 0.0380573 13127.3 10389 23516.3 5.28261
0.6435 -0.130878 0.00315762 0.0388031 13172.4 10333.2 23505.6 5.30076
0.6445 -0.133766 0.00952488 0.0358238 13197.9 10310 23508 5.31104
0.6455 -0.131132 0.00997162 0.0358994 13205.6 10276.3 23481.9 5.31413
0.6465 -0.126931 0.00775531 0.0362689 13198.4 10295.4 23493.9 5.31125
0.6475 -0.124821 0.00766018 0.0424426 13181 10315.3 23496.3 5.30422
0.6485 -0.126854 0.00486973 0.0437222 13159.1 10329 23488.1 5.2954
0.6495 -0.125523 0.00738171 0.0445118 13139.3 10337 23476.3 5.28744
0.6505 -0.126755 0.00707272 0.0460205 13126.5 10351.1 23477.6 5.28228
0.6515 -0.127934 0.00541666 0.0457211 13120.8 10368.5 23489.3 5.28
0.6525 -0.128204 0.00750899 0.0470586 13116.6 10372.4 23489.1 5.27833
0.6535 -0.128313 0.0119689 0.0486679 13104.2 10396.5 23500.7 5.27334
0.6545 -0.129612 0.0119956 0.0455117 13074.1 10412.2 23486.4 5.26122
0.6555 -0.13555 0.00963426 0.0451922 13021.7 10495.5 23517.2 5.24011
0.6565 -0.13497 0.0132545 0.05071 12949.8 10572.4 23522.2 5.21118
0.6575 -0.132053 0.0156761 0.0535033 12868.4 10643.3 23511.7 5.17842
0.6585 -0.129722 0.0114175 0.0527503 12790.7 10699.8 23490.4 5.14715
0.6595 -0.12994 0.0054512 0.0484951 12728 10775.7 23503.7 5.12192
0.6605 -0.12457 0.00439596 0.0423167 12686.2 10804.4 23490.6 5.10513
0.6615 -0.122011 0.00566077 0.0402939 12666.4 10790.9 23457.3 5.09714
0.6625 -0.124515 0.0075624 0.0390294 12666.3 10789.8 23456.1 5.09711
0.6635 -0.121268 0.0135763 0.0409198 12682.4 10759.4 23441.8 5.10357
0.6645 -0.120906 0.0134389 0.0396209 12709.5 10735.8 23445.3 5.11447
0.6655 -0.129863 0.016928 0.0375714 12740.9 10694.8 23435.7 5.12711
0.6665 -0.130431 0.0200102 0.0372106 12769.2 10683 23452.2 5.1385
0.6675 -0.127505 0.0207255 0.0337092 12788 10653.5 23441.4 5.14606
0.6685 -0.13659 0.0186446 0.0344015 12793.2 10648.1 23441.3 5.14818
0.6695 -0.137618 0.0192261 0.0369326 12784.7 10660.4 23445 5.14473
0.6705 -0.139768 0.0208149 0.0343653 12765.6 10686.6 23452.2 5.13706
0.6715 -0.138831 0.0177174 0.0374274 12742.6 10702.6 23445.2 5.12782
0.6725 -0.137082 0.0184555 0.0406508 12723.8 10714.4 23438.2 5.12023
0.6735 -0.141826 0.0220833 0.0441813 12715.8 10726 23441.8 5.11703
0.6745 -0.145686 0.0244455 0.044334 12721.9 10694.9 23416.8 5.11948
0.6755 -0.150371 0.0248861 0.0397125 12741 10666.4 23407.4 5.12715
0.6765 -0.153857 0.0245667 0.0406404 12769.4 10646.3 23415.6 5.13857
0.6775 -0.15368 0.0246887 0.0414653 12803.2 10607.6 23410.8 5.15218
0.6785 -0.158254 0.0222549 0.0446067 12839.4 10561.9 23401.3 5.16676
0.6795 -0.158013 0.0201139 0.0414806 12876.1 10546.6 23422.6 5.18153
0.6805 -0.161909 0.0172081 0.0406042 12911.9 10514.3 23426.2 5.19593
0.6815 -0.167146 0.0160532 0.0460114 12945.6 10485.3 23430.9 5.20949
0.6825 -0.173044 0.0149708 0.0478911 12975.9 10443.2 23419.1 5.22167
0.6835 -0.173072 0.0112267 0.0491071 13000.8 10432.6 23433.4 5.23169
0.6845 -0.171453 0.0133519 0.0493941 13017.3 10426.6 23443.8 5.23834
0.6855 -0.173818 0.0170903 0.0525289 13021.4 10423.7 23445 5.23999
0.6865 -0.176929 0.0196433 0.049274 13008.4 10441.3 23449.6 5.23475
0.6875 -0.177351 0.020082 0.0514236 12973.9 10480.4 23454.4 5.2209
0.6885 -0.17745 0.0201426 0.0529838 12915.7 10561.2 23476.9 5.19745
0.6895 -0.175607 0.0244484 0.0532737 12834.8 10656.4 23491.1 5.16489
0.6905 -0.176328 0.0246124 0.0545022 12737.2 10754.1 23491.3 5.12564
0.6915 -0.171827 0.0292721 0.0597847 12633.3 10854.5 23487.9 5.08384
0.6925 -0.178233 0.0333881 0.0628698 12535 10968.6 23503.6 5.04427
0.6935 -0.177882 0.0353498 0.0631045 12451.5 11062.7 23514.2 5.01065
0.6945 -0.182786 0.0345812 0.0601654 12387.2 11116.3 23503.6 4.9848
0.6955 -0.180604 0.0409236 0.0586166 12343 11142.7 23485.7 4.96701
0.6965 -0.181936 0.0422287 0.0560856 12318.1 11162.8 23480.9 4.957
0.6975 -0.177541 0.0411472 0.0556663 12311.2 11175.7 23486.9 4.9542
0.6985 -0.179103 0.0461655 0.0525663 12320 11143.1 23463.1 4.95775
0.6995 -0.179327 0.0519867 0.0594807 12341.2 11117.1 23458.3 4.9663
0.7005 -0.176814 0.0522289 0.0581846 12371.4 11073.9 23445.3 4.97841
0.7015 -0.173015 0.0497184 0.0588875 12407.7 11054.2 23461.9 4.99304
0.7025 -0.171746 0.0472612 0.0658741 12449.3 10987.7 23437.1 5.00979
0.7035 -0.17263 0.049428 0.0652308 12496.5 10909.7 23406.2 5.02878
0.7045 -0.174 0.0552664 0.0638995 12549.4 10868.7 23418.1 5.05006
0.7055 -0.175149 0.0612593 0.0650229 12606.1 10813.1 23419.2 5.07289
0.7065 -0.173471 0.0653963 0.0602135 12662.6 10754.1 23416.7 5.09563
0.7075 -0.173131 0.0638533 0.055736 12713.1 10709.4 23422.6 5.11595
0.7085 -0.171499 0.0603323 0.0558076 12751.9 10667 23418.9 5.13154
0.7095 -0.176246 0.0576487 0.0553765 12774.7 10641.8 23416.5 5.14074
0.7105 -0.180347 0.0612831 0.0582223 12780.7 10640.7 23421.3 5.14313
0.7115 -0.181297 0.0606608 0.0567403 12771.7 10635.5 23407.2 5.13953
0.7125 -0.184381 0.0564785 0.0527492 12752 10645.7 23397.7 5.13159
0.7135 -0.184329 0.0530562 0.0522323 12725.3 10689 23414.3 5.12086
0.7145 -0.181237 0.048157 0.0596586 12693.5 10712.6 23406.1 5.10804
0.7155 -0.180678 0.0483539 0.0610605 12656 10770.2 23426.2 5.09296
0.7165 -0.184435 0.0548604 0.0653001 12612.2 10819.9 23432.1 5.07534
0.7175 -0.180762 0.0548255 0.0646232 12563.6 10865.1 23428.6 5.05576
0.7185 -0.178143 0.0549562 0.0645746 12514.3 10928.7 23443 5.03592
0.7195 -0.175656 0.0548029 0.0619993 12470.2 10964.5 23434.8 5.01821
0.7205 -0.179318 0.0539141 0.0655243 12437.2 10989.4 23426.5 5.0049
0.7215 -0.179446 0.0522525 0.0621588 12419.2 11000.3 23419.5 4.99765
0.7225 -0.176958 0.0534532 0.0569406 12417.5 10998.4 23415.9 4.99699
0.7235 -0.178221 0.0510403 0.0503938 12430.1 11014.1 23444.3 5.00207
0.7245 -0.174818 0.052507 0.0512874 12451.7 11006.6 23458.4 5.01076
0.7255 -0.173679 0.0504395 0.0532057 12475.5 11007.7 23483.2 5.02032
0.7265 -0.168378 0.0464067 0.0504465 12495.6 11014.8 23510.4 5.02841
0.7275 -0.169452 0.0407609 0.0495272 12508.9 11013.3 23522.2 5.03378
0.7285 -0.172014 0.0400304 0.0406876 12514.7 10997.9 23512.7 5.03612
0.7295 -0.169496 0.0387549 0.0363083 12513.6 10999.1 23512.7 5.03565
0.7305 -0.169559 0.0391038 0.0379343 12506.4 10980.2 23486.6 5.03276
0.7315 -0.170541 0.040139 0.0422392 12494.7 11006.2 23500.9 5.02806
0.7325 -0.16709 0.0422238 0.0409579 12480.6 11032.2 23512.8 5.02238
0.7335 -0.158494 0.0440168 0.0440335 12467.2 11049.1 23516.3 5.01698
0.7345 -0.158766 0.044938 0.0397587 12458.3 11034.3 23492.6 5.01339
0.7355 -0.168974 0.0445166 0.0338984 12457.4 11028.2 23485.6 5.01304
0.7365 -0.169245 0.0437596 0.0345559 12467.3 11006.4 23473.7 5.01702
0.7375 -0.166502 0.0457665 0.0344627 12488.9 10986 23474.9 5.02573
0.7385 -0.166328 0.0451621 0.0370023 12521.6 10946.1 23467.7 5.03887
0.7395 -0.168011 0.048475 0.0473125 12563.2 10898.5 23461.8 5.05562
0.7405 -0.16748 0.0513744 0.0470979 12610.8 10854.5 23465.3 5.07476
0.7415 -0.168147 0.0573213 0.0491641 12661.1 10781.6 23442.7 5.09499
0.7425 -0.171657 0.0596712 0.054347 12710.9 10725.8 23436.8 5.11505
0.7435 -0.169832 0.062372 0.057497 12757.4 10692.3 23449.7 5.13376
0.7445 -0.167777 0.0604389 0.0544765 12797.6 10666.3 23463.9 5.14992
0.7455 -0.169246 0.0603271 0.0518329 12827.9 10643.1 23471 5.16212
0.7465 -0.173433 0.0586419 0.05358 12844.3 10624.2 23468.5 5.16874
0.7475 -0.169993 0.0542645 0.051836 12843.3 10627.5 23470.8 5.16833
0.7485 -0.166645 0.0488896 0.0534135 12823.1 10653.7 23476.8 5.16019
0.7495 -0.16542 0.0480669 0.0507201 12785.1 10684.6 23469.7 5.14491
0.7505 -0.16473 0.0416815 0.0534362 12734.8 10742.1 23476.9 5.12467
0.7515 -0.161304 0.0411818 0.0550421 12680.9 10793.9 23474.8 5.10296
0.7525 -0.162754 0.0419085 0.054922 12633 10840.7 23473.7 5.08371
0.7535 -0.163212 0.0379279 0.056496 12599.9 10884.6 23484.5 5.07037
0.7545 -0.165564 0.0388834 0.0594229 12586.1 10886.4 23472.5 5.06483
0.7555 -0.166312 0.0394993 0.0607809 12591.7 10900.9 23492.6 5.06709
0.7565 -0.164891 0.0401058 0.0628275 12612.9 10866.6 23479.5 5.0756
0.7575 -0.166616 0.037676 0.0624214 12643.8 10843.9 23487.7 5.08806
0.7585 -0.16486 0.0382482 0.0628115 12679.1 10795.3 23474.5 5.10227
0.7595 -0.162658 0.032467 0.0643994 12714.8 10752.5 23467.4 5.11663
0.7605 -0.165604 0.0278091 0.06556 12748.8 10711.5 23460.3 5.13029
0.7615 -0.167579 0.0285416 0.0688287 12780.2 10674.1 23454.4 5.14296
0.7625 -0.17494 0.0265222 0.0668775 12809.5 10640.1 23449.6 5.15474
0.7635 -0.17922 0.0286183 0.0701857 12837.2 10629.2 23466.4 5.16587
0.7645 -0.179395 0.0295759 0.0747976 12863.4 10600.5 23463.9 5.1764
0.7655 -0.175197 0.030129 0.0782708 12887.5 10578.8 23466.3 5.1861
0.7665 -0.178278 0.0241361 0.085194 12907.9 10562 23469.9 5.19434
0.7675 -0.184065 0.0221958 0.0912031 12922.4 10550.9 23473.4 5.20018
0.7685 -0.18732 0.0235741 0.0913126 12928.3 10541.5 23469.7 5.20253
0.7695 -0.19 0.0221414 0.0951988 12922.8 10549.3 23472.1 5.20031
0.7705 -0.185557 0.0191242 0.0910865 12903.9 10548.1 23452 5.1927
0.7715 -0.181499 0.0176801 0.08939 12870.7 10586 23456.7 5.17937
0.7725 -0.176466 0.0171547 0.0873529 12824.4 10621.6 23446 5.16074
0.7735 -0.173267 0.0227877 0.0867292 12768.2 10671.9 23440.1 5.13812
0.7745 -0.174018 0.0288275 0.0877143 12707.2 10725.9 23433.1 5.11356
0.7755 -0.173644 0.0282101 0.0864519 12647.7 10801 23448.7 5.08961
0.7765 -0.172599 0.0255792 0.0895547 12596.1 10846.7 23442.8 5.06885
0.7775 -0.167691 0.0242212 0.0869244 12557.4 10898.4 23455.8 5.05329
0.7785 -0.164689 0.0296111 0.079604 12533.8 10926.8 23460.6 5.04378
0.7795 -0.166027 0.0304841 0.0763336 12523.8 10945 23468.8 5.03977
0.7805 -0.167387 0.0287751 0.0726839 12523.9 10928.2 23452.1 5.03979
0.7815 -0.170179 0.0278438 0.0678924 12530.3 10932.5 23462.8 5.04239
0.7825 -0.168557 0.0312551 0.0617317 12541.7 10910.5 23452.2 5.04695
0.7835 -0.167924 0.0288976 0.0617268 12559.2 10889.4 23448.6 5.054
0.7845 -0.167788 0.0283465 0.0659827 12585.8 10881.8 23467.6 5.06469
0.7855 -0.164822 0.0291839 0.0678462 12623 10837.4 23460.4 5.07969
0.7865 -0.161779 0.0270171 0.0604969 12670.2 10797.3 23467.6 5.09868
0.7875 -0.164706 0.0301096 0.0555705 12724.2 10735 23459.2 5.12042
0.7885 -0.164428 0.0282915 0.0521963 12781.1 10689.9 23471 5.14329
0.7895 -0.164248 0.026118 0.055106 12836.6 10637.9 23474.5 5.16564
0.7905 -0.16861 0.0266807 0.0564675 12887.1 10570.8 23457.9 5.18594
0.7915 -0.175738 0.0240352 0.0527167 12929.1 10512.1 23441.2 5.20284
0.7925 -0.177227 0.0266948 0.0512016 12959.9 10476.5 23436.4 5.21527
0.7935 -0.173814 0.0320802 0.0511312 12977.9 10464.4 23442.4 5.22251
0.7945 -0.171394 0.0321126 0.0539923 12982.3 10463.7 23446 5.22425
0.7955 -0.174464 0.0314052 0.0561588 12973.1 10478.8 23451.9 5.22056
0.7965 -0.178149 0.0306273 0.06039 12951 10523.4 23474.4 5.21169
0.7975 -0.177477 0.029871 0.0601587 12916.8 10530.3 23447.1 5.19792
0.7985 -0.175369 0.0360351 0.0584321 12870.6 10594.4 23464.9 5.1793
0.7995 -0.168431 0.046175 0.0537343 12811.5 10678.2 23489.8 5.15555
0.8005 -0.168258 0.0481577 0.0559053 12739 10741.2 23480.2 5.12635
0.8015 -0.17175 0.0547032 0.0580835 12653.1 10829.5 23482.7 5.09181
0.8025 -0.166685 0.0527291 0.0581045 12557.9 10914.2 23472.1 5.05348
0.8035 -0.158431 0.052484 0.0491381 12462 11022.2 23484.2 5.0149
0.8045 -0.160856 0.052958 0.0430822 12379 11097 23476 4.98149
0.8055 -0.162779 0.0551734 0.0428801 12322 11157.8 23479.8 4.95855
0.8065 -0.161721 0.0543656 0.0408068 12297.8 11177.2 23475 4.9488
0.8075 -0.165676 0.0545192 0.042569 12304.2 11201.5 23505.7 4.95139
0.8085 -0.16697 0.0597873 0.0459293 12333.5 11161.3 23494.8 4.96318
0.8095 -0.165665 0.0599637 0.0462822 12376.4 11148.1 23524.4 4.98043
0.8105 -0.167694 0.0574961 0.046513 12424.4 11126.1 23550.4 4.99975
0.8115 -0.170284 0.0555592 0.0470985 12470.3 11087.1 23557.4 5.01823
0.8125 -0.168314 0.050807 0.0471883 12507.9 11026.9 23534.8 5.03337
0.8135 -0.164028 0.0483012 0.0404441 12532.3 11003.6 23535.9 5.04318
0.8145 -0.16169 0.0498405 0.0343019 12540.8 10983.2 23524.1 5.04661
0.8155 -0.159902 0.0519481 0.0339033 12533.9 11009.2 23543.1 5.04383
0.8165 -0.153032 0.0587411 0.0313646 12515.7 11020.4 23536.1 5.03652
0.8175 -0.154256 0.0586286 0.0307333 12492.9 11051.7 23544.6 5.02732
0.8185 -0.15246 0.0589271 0.027714 12472.5 11081.7 23554.1 5.01911
0.8195 -0.156048 0.059917 0.0284557 12459.7 11099.2 23558.9 5.01397
0.8205 -0.150299 0.0645108 0.0239927 12456.6 11100 23556.5 5.0127
0.8215 -0.152119 0.0718226 0.0221635 12463.3 11094.5 23557.8 5.01539
0.8225 -0.156712 0.0792193 0.0227585 12480 11080.1 23560.1 5.02214
0.8235 -0.160551 0.0783906 0.0250417 12508.3 11038.9 23547.1 5.03351
0.8245 -0.158003 0.0780501 0.0245743 12549.6 10980.9 23530.5 5.05013
0.8255 -0.160743 0.0766339 0.0268251 12604.6 10948.4 23553 5.07227
0.8265 -0.159606 0.0761523 0.0280716 12672.1 10902.3 23574.4 5.09944
0.8275 -0.156372 0.0807748 0.0265257 12749 10834.7 23583.7 5.13038
0.8285 -0.152177 0.0888743 0.0235696 12830.9 10742.1 23573 5.16335
0.8295 -0.150599 0.0919948 0.017947 12914.1 10668.4 23582.4 5.19681
0.8305 -0.150563 0.0954852 0.018019 12996.6 10593 23589.6 5.23
0.8315 -0.152576 0.0977197 0.0123327 13078.5 10499.2 23577.7 5.26299
0.8325 -0.149607 0.0931602 0.00879931 13160.6 10421.9 23582.5 5.296
0.8335 -0.148372 0.0957212 0.00858569 13240.5 10349.1 23589.6 5.32816
0.8345 -0.149686 0.0907536 0.00621343 13313.5 10266.6 23580.1 5.35755
0.8355 -0.151519 0.0903168 0.00609708 13374.6 10200.5 23575.2 5.38215
0.8365 -0.152704 0.0869341 0.00391936 13420.4 10166.7 23587.1 5.40056
0.8375 -0.149067 0.085619 0.0059166 13449.2 10135.6 23584.8 5.41214
0.8385 -0.148722 0.0849175 0.00643563 13460.8 10132.3 23593.1 5.41684
0.8395 -0.152674 0.0833845 0.00672722 13456.5 10144.9 23601.4 5.4151
0.8405 -0.149713 0.0828474 0.00267506 13439 10154.3 23593.3 5.40804
0.8415 -0.142339 0.0852516 0.00327873 13412.2 10194.2 23606.4 5.39726
0.8425 -0.138415 0.0872076 -0.00140858 13380.8 10224.4 23605.3 5.38465
0.8435 -0.142583 0.0880725 -0.00396633 13349.5 10252.3 23601.8 5.37202
0.8445 -0.139617 0.0927799 -0.00657368 13321 10296.2 23617.2 5.36057
0.8455 -0.14217 0.0858314 -0.0051384 13296.4 10316 23612.4 5.35067
0.8465 -0.14317 0.0801766 -0.00186253 13274.2 10326.3 23600.4 5.34172
0.8475 -0.144713 0.0790417 -0.000226974 13251.2 10323 23574.2 5.33249
0.8485 -0.148853 0.07739 0.00210667 13223.8 10326.7 23550.4 5.32144
0.8495 -0.148982 0.0754292 0.00249815 13188.5 10354.8 23543.3 5.30726
0.8505 -0.149097 0.075578 -0.000397921 13143.8 10385.2 23529 5.28927
0.8515 -0.155912 0.0795703 0.00580096 13090.5 10423.2 23513.7 5.2678
0.8525 -0.157233 0.0857406 0.00491786 13031.8 10485.5 23517.3 5.24418
0.8535 -0.158648 0.0797076 0.00682235 12973.5 10523.7 23497.2 5.22072
0.8545 -0.159065 0.0720267 0.00393653 12922.2 10565.6 23487.8 5.20008
0.8555 -0.156597 0.0757136 0.00356936 12883.8 10611.1 23494.9 5.18464
0.8565 -0.151904 0.076242 0.00326991 12862 10625.8 23487.8 5.17586
0.8575 -0.146871 0.08044 0.00327659 12857.2 10644.8 23501.9 5.17391
0.8585 -0.146322 0.082541 0.00192142 12866.4 10631.9 23498.3 5.17764
0.8595 -0.137889 0.0808854 0.00160575 12884.9 10606.2 23491 5.18505
0.8605 -0.134723 0.0847383 0.0105205 12906.4 10571.4 23477.9 5.19374
0.8615 -0.130939 0.0839448 0.0114694 12925.7 10536.8 23462.4 5.20148
0.8625 -0.129465 0.0837789 0.00983489 12938.4 10527.5 23465.9 5.2066
0.8635 -0.129539 0.0833366 0.00679743 12942.1 10525 23467.1 5.20808
0.8645 -0.126763 0.0838823 0.00584459 12935.1 10531.9 23467 5.20528
0.8655 -0.122063 0.0803099 0.00138527 12916.6 10530.3 23446.9 5.19784
0.8665 -0.124517 0.0862837 -0.00500059 12886.2 10567.8 23454.1 5.18561
0.8675 -0.128083 0.0876083 -0.00532292 12844.6 10614.2 23458.8 5.16885
0.8685 -0.129032 0.0887394 -0.00943708 12793.9 10666.2 23460.2 5.14845
0.8695 -0.127328 0.0858212 -0.0101533 12738.1 10722.1 23460.2 5.126
0.8705 -0.126709 0.0856624 -0.0108219 12682.7 10751.5 23434.2 5.10372
0.8715 -0.128972 0.0895648 -0.00819778 12633.5 10792.4 23425.9 5.08392
0.8725 -0.127838 0.0863547 -0.00893748 12595.3 10831.9 23427.2 5.06851
0.8735 -0.127425 0.0863528 -0.00656044 12570.8 10860 23430.7 5.05865
0.8745 -0.123393 0.0867667 -0.00406694 12560.3 10895.3 23455.6 5.05445
0.8755 -0.123942 0.083406 -0.000356913 12561.9 10892.4 23454.3 5.0551
0.8765 -0.123589 0.0795226 -0.0028255 12571.9 10887.1 23459 5.05911
0.8775 -0.125606 0.0720401 0.000224352 12585.8 10876.7 23462.5 5.06469
0.8785 -0.121132 0.0687442 -0.00367665 12599.4 10874.9 23474.3 5.07018
0.8795 -0.118026 0.0666461 -0.00577474 12609.9 10860.8 23470.7 5.0744
0.8805 -0.114434 0.0594058 -0.00776196 12615.8 10815.7 23431.5 5.07679
0.8815 -0.112887 0.060205 -0.0106611 12617.3 10820.1 23437.4 5.07739
0.8825 -0.115193 0.0557809 -0.0116539 12616 10816.8 23432.8 5.07684
0.8835 -0.111245 0.0488791 -0.0107088 12614.4 10846.9 23461.3 5.07622
0.8845 -0.111724 0.0436425 -0.0146294 12615.7 10859.9 23475.6 5.07674
0.8855 -0.10822 0.0464425 -0.0141244 12622.8 10869.5 23492.3 5.07961
0.8865 -0.11081 0.0450926 -0.0117736 12637.9 10861.5 23499.4 5.08566
0.8875 -0.113601 0.0415492 -0.00704432 12661.1 10833.6 23494.6 5.095
0.8885 -0.118056 0.0398555 -0.00793219 12689.2 10813.6 23502.8 5.10632
0.8895 -0.114495 0.0406623 -0.0103354 12715.3 10798 23513.3 5.11682
0.8905 -0.114511 0.0433626 -0.011827 12730.3 10786.5 23516.7 5.12284
0.8915 -0.113753 0.0407348 -0.0158353 12725.1 10793.9 23519 5.12078
0.8925 -0.111823 0.0371671 -0.0162063 12694 10854.6 23548.6 5.10826
0.8935 -0.111247 0.0352569 -0.0154357 12635.8 10910.5 23546.3 5.08484
0.8945 -0.11131 0.0290895 -0.0111566 12554.2 11012.4 23566.6 5.05201
0.8955 -0.111104 0.0281868 -0.0141706 12457.3 11113 23570.4 5.01302
0.8965 -0.110608 0.0340166 -0.00895405 12355.7 11210.1 23565.7 4.97211
0.8975 -0.112275 0.0382357 -0.00681496 12260 11310.6 23570.6 4.9336
0.8985 -0.109682 0.0362749 -0.00767183 12178.8 11388.4 23567.2 4.90094
0.8995 -0.111259 0.0329485 -0.00787067 12116.9 11455.1 23571.9 4.87601
0.9005 -0.109754 0.0348136 -0.00431204 12074.9 11470.9 23545.8 4.8591
0.9015 -0.103975 0.0359461 0.00392246 12051 11490 23541 4.84951
0.9025 -0.105048 0.0351794 0.00650501 12042.7 11488.8 23531.5 4.84616
0.9035 -0.102295 0.0369637 0.0109091 12047.8 11489.6 23537.4 4.84821
0.9045 -0.101823 0.038276 0.009974 12065.3 11469.7 23534.9 4.85523
0.9055 -0.104023 0.0376942 0.011523 12094.4 11432.2 23526.6 4.86697
0.9065 -0.104515 0.0359092 0.0145178 12134.5 11383.9 23518.3 4.88308
0.9075 -0.100462 0.0350546 0.0164957 12183.1 11337.5 23520.6 4.90265
0.9085 -0.101144 0.0342015 0.0124338 12236.2 11287.9 23524.1 4.92404
0.9095 -0.103819 0.031251 0.00533628 12288 11234.8 23522.8 4.94485
0.9105 -0.107499 0.0254774 -0.000200033 12332 11206.1 23538 4.96256
0.9115 -0.105053 0.024045 -0.000930548 12363.5 11193.6 23557.1 4.97525
0.9125 -0.10439 0.0262633 0.000521898 12381.5 11173.2 23554.7 4.9825
0.9135 -0.105045 0.0282374 0.000880122 12389.4 11148.9 23538.3 4.98568
0.9145 -0.104868 0.0310661 0.00651914 12394.3 11146.6 23540.8 4.98763
0.9155 -0.109735 0.031459 0.0121983 12404 11146.5 23550.5 4.99154
0.9165 -0.10673 0.0340395 0.0150126 12424.8 11131.6 23556.4 4.99993
0.9175 -0.10988 0.0336926 0.0138227 12459.3 11085.3 23544.6 5.01379
0.9185 -0.10815 0.0347388 0.0100175 12505.8 11037.5 23543.2 5.0325
0.9195 -0.109144 0.033529 0.00503555 12559.3 10981.4 23540.7 5.05405
0.9205 -0.102834 0.0355747 0.00453532 12613 10912.2 23525.2 5.07565
0.9215 -0.102193 0.0326235 0.00425643 12659.3 10876.4 23535.7 5.09429
0.9225 -0.103797 0.0232937 0.00349993 12691.5 10857.3 23548.8 5.10725
0.9235 -0.108045 0.0212448 0.00163537 12704.5 10832.3 23536.8 5.11248
0.9245 -0.106865 0.0155485 -0.000204265 12695.5 10865 23560.5 5.10885
0.9255 -0.103839 0.0155704 -0.00227129 12664.6 10900.7 23565.3 5.09643
0.9265 -0.102279 0.0120919 -0.00940198 12614.9 10957.7 23572.6 5.0764
0.9275 -0.097816 0.00579357 -0.00987029 12551.7 11011.4 23563.2 5.051
0.9285 -0.0977845 0.00757217 -0.00572628 12482.6 11064.1 23546.7 5.02318
0.9295 -0.0909314 0.00348854 -0.00236577 12415.4 11143.2 23558.6 4.99614
0.9305 -0.0895658 0.00868583 0.0061958 12357.8 11186.7 23544.4 4.97294
0.9315 -0.0865726 0.0127306 0.00979116 12315.3 11220.9 23536.2 4.95584
0.9325 -0.0860376 0.0175445 0.0140195 12290.3 11234 23524.2 4.94579
0.9335 -0.0841546 0.0164975 0.0131869 12282.5 11251.2 23533.7 4.94265
0.9345 -0.0803781 0.0136451 0.0141821 12289.8 11227.2 23517.1 4.9456
0.9355 -0.0806406 0.0114677 0.0150594 12310.3 11204.3 23514.6 4.95385
0.9365 -0.0804057 0.00789219 0.0165783 12342.7 11161.2 23503.9 4.96687
0.9375 -0.0846246 0.00782347 0.0149999 12385.2 11109.3 23494.5 4.98398
0.9385 -0.0807585 0.00556186 0.0120811 12434.6 11065.7 23500.3 5.00385
0.9395 -0.0753903 0.0020504 0.0154294 12485.3 10998.3 23483.6 5.02425
0.9405 -0.073935 -0.000155464 0.016818 12530 10964.2 23494.1 5.04224
0.9415 -0.0761933 0.000993699 0.0189919 12561.6 10942 23503.6 5.05497
0.9425 -0.0758443 0.00143713 0.0209346 12574.8 10916.8 23491.7 5.0603
0.9435 -0.0750533 0.00883859 0.0114136 12568.1 10910.5 23478.6 5.05758
0.9445 -0.0713425 0.00413084 0.0108667 12543.6 10936.3 23479.9 5.04774
0.9455 -0.0632211 0.00267744 0.0140992 12507.3 10979.9 23487.1 5.0331
0.9465 -0.0617281 0.00336492 0.0134808 12466 11028.3 23494.4 5.01652
0.9475 -0.0577092 -0.000745416 0.0114933 12426.4 11075.1 23501.5 5.00058
0.9485 -0.0597072 -3.45707e-06 0.00755173 12392.7 11094.7 23487.4 4.987
0.9495 -0.0641372 -0.000404 0.0112468 12366.4 11106.7 23473.1 4.97642
0.9505 -0.0701435 0.000462055 0.0116979 12347.2 11134.1 23481.3 4.9687
0.9515 -0.0686297 0.0038209 0.0124646 12334.1 11146 23480.1 4.96341
0.9525 -0.0647807 -0.00227118 0.00953692 12326 11124.3 23450.4 4.96018
0.9535 -0.0610623 -0.00186324 0.00792861 12322.6 11113.5 23436.1 4.95879
0.9545 -0.0638063 0.00327325 0.00870728 12323.6 11112.5 23436.1 4.9592
0.9555 -0.0663733 0.00582337 0.00625765 12329 11084.6 23413.6 4.96135
0.9565 -0.0682316 0.0022471 0.00903749 12338.5 11063.2 23401.7 4.96518
0.9575 -0.0666008 -0.00124526 0.006675 12351.9 11045.1 23397 4.97057
0.9585 -0.0698862 -0.00638747 0.00511289 12369 11026.7 23395.8 4.97747
0.9595 -0.0660582 -0.00371146 0.00554919 12389.8 11010.7 23400.5 4.98582
0.9605 -0.0603075 0.0012362 0.00783706 12413.6 11007 23420.6 4.9954
0.9615 -0.0516491 0.00307679 0.00773096 12439.4 10958.7 23398.1 5.00581
0.9625 -0.0473733 0.00319695 0.00579548 12465.3 10924.3 23389.7 5.01623
0.9635 -0.0467591 0.00233006 0.00314903 12488.7 10918.8 23407.5 5.02563
0.9645 -0.0504079 0.00370336 0.000766754 12506.4 10908.1 23414.6 5.03277
0.9655 -0.0522418 0.00351167 -6.24657e-05 12515.6 10925 23440.6 5.03646
0.9665 -0.0517707 -0.000155687 0.00387526 12514.4 10909.6 23423.9 5.03596
0.9675 -0.0532308 0.00309348 0.00493097 12503.8 10925.1 23428.8 5.0317
0.9685 -0.0514321 0.00832796 0.00939512 12489.8 10929.7 23419.5 5.02607
0.9695 -0.0496173 0.0119379 0.0099206 12483.8 10962 23445.8 5.02368
0.9705 -0.054503 0.0134302 0.00483942 12499.8 10922.4 23422.2 5.0301
0.9715 -0.0577674 0.0136501 0.00437975 12547.3 10884.5 23431.7 5.0492
0.9725 -0.0603309 0.0151415 0.00374365 12625.7 10820 23445.8 5.08077
0.9735 -0.0608311 0.0178491 0.00336695 12724.7 10716.1 23440.7 5.12059
0.9745 -0.065485 0.0214532 0.00536203 12828.9 10612.9 23441.8 5.16254
0.9755 -0.0625415 0.0236571 0.00616598 12924.1 10523.5 23447.6 5.20085
0.9765 -0.0632472 0.0268749 0.00872755 13000.7 10452.8 23453.5 5.23166
0.9775 -0.0654378 0.0276439 0.0099082 13054.6 10379.9 23434.5 5.25336
0.9785 -0.0725455 0.025811 0.013597 13086.6 10369.3 23455.8 5.26624
0.9795 -0.0764956 0.0248299 0.00874567 13100.9 10349.1 23450 5.27199
0.9805 -0.0762095 0.0187535 0.00719786 13105.1 10341.5 23446.7 5.2737
0.9815 -0.077601 0.0199943 0.00316739 13109.2 10336.4 23445.5 5.27532
0.9825 -0.0783138 0.0185361 0.00341535 13121.3 10322 23443.3 5.28021
0.9835 -0.0765495 0.0209794 0.0100696 13143.8 10300.6 23444.4 5.28924
0.9845 -0.0749979 0.0227804 0.011533 13171.3 10283.6 23454.9 5.30034
0.9855 -0.0778537 0.0266829 0.0133202 13195.9 10272.1 23467.9 5.31021
0.9865 -0.0792441 0.0264015 0.00983071 13211.6 10253.9 23465.6 5.31655
0.9875 -0.0766947 0.0196295 0.0042069 13217 10256.9 23473.9 5.31872
0.9885 -0.0760031 0.0168133 0.00168037 13212.5 10262.7 23475.1 5.31689
0.9895 -0.0779029 0.0162153 -0.000993729 13198.4 10275.5 23473.9 5.31121
0.9905 -0.0799955 0.0128469 -0.00192833 13174.3 10285.3 23459.6 5.30152
0.9915 -0.0802674 0.00968456 0.00353456 13139.5 10314.1 23453.7 5.28754
0.9925 -0.0803133 0.00812817 0.00584626 13094.1 10378.6 23472.6 5.26924
0.9935 -0.0815054 0.00969982 0.00823998 13038.6 10416.3 23454.9 5.24692
0.9945 -0.0771639 0.0152102 0.00346398 12975 10501.2 23476.2 5.22134
0.9955 -0.0752155 0.020072 0.00478101 12906.1 10577.3 23483.4 5.19361
0.9965 -0.0816337 0.0221138 0.0064671 12835.4 10653.9 23489.4 5.16517
0.9975 -0.0881125 0.0238056 0.00614381 12766.9 10721.3 23488.2 5.1376
0.998 -0.0888935 0.0249901 0.00526452 12734.5 10765.5 23500.1 5.12457
