# t(1)   sumvx(2)   sumvy(3)   sumvz(4)    kenergy(5)   penergy(6)   energy(7)   red_temp(8)
1.9985 0.200345 0.197071 0.19308 11444.5 10653.1 22097.6 4.60542
1.9995 0.198712 0.195194 0.194307 11404.5 10690.7 22095.1 4.58932
2.0005 0.202089 0.19563 0.193644 11369.8 10728.8 22098.6 4.57538
2.0015 0.201751 0.194904 0.195548 11337.5 10754 22091.4 4.56235
2.0025 0.20283 0.191643 0.199949 11304.7 10777.2 22081.8 4.54916
2.0035 0.202647 0.189527 0.199842 11270.2 10805.7 22075.9 4.53529
2.0045 0.205409 0.194696 0.204233 11236 10848.3 22084.3 4.52152
2.0055 0.20183 0.195401 0.205583 11207.9 10888.5 22096.4 4.51022
2.0065 0.197742 0.199044 0.211158 11195.5 10893.8 22089.3 4.50525
2.0075 0.193907 0.200864 0.208032 11210 10893.7 22103.7 4.51107
2.0085 0.198579 0.206046 0.207819 11260.5 10836.1 22096.6 4.53138
2.0095 0.200461 0.204562 0.206949 11350.8 10758.8 22109.5 4.56771
2.0105 0.196301 0.197779 0.208515 11477.6 10621.1 22098.8 4.61877
2.0115 0.197036 0.195898 0.211584 11631.6 10464.7 22096.2 4.68071
2.0125 0.197008 0.196618 0.212948 11799.6 10310.7 22110.3 4.74832
2.0135 0.199379 0.201426 0.214182 11968.8 10143.8 22112.6 4.8164
2.0145 0.201548 0.20186 0.219065 12128.1 9962.95 22091.1 4.88054
2.0155 0.197089 0.203253 0.219914 12269.4 9802.64 22072 4.93737
2.0165 0.194964 0.206496 0.218869 12386.2 9676.23 22062.5 4.9844
2.0175 0.190757 0.20809 0.216022 12474.4 9586.86 22061.2 5.01987
2.0185 0.196264 0.206793 0.214919 12531 9548.07 22079 5.04264
2.0195 0.193489 0.211269 0.21113 12555.1 9535.94 22091 5.05234
2.0205 0.191054 0.215568 0.208833 12547.7 9556.42 22104.1 5.04936
2.0215 0.189848 0.217011 0.209355 12511.8 9590.01 22101.8 5.03492
2.0225 0.186689 0.218001 0.210827 12451.9 9664.21 22116.2 5.01084
2.0235 0.183199 0.219458 0.211456 12373.9 9715.06 22088.9 4.97942
2.0245 0.178547 0.220603 0.205287 12284.6 9798.57 22083.1 4.94349
2.0255 0.178445 0.222949 0.206481 12192.2 9895.73 22087.9 4.9063
2.0265 0.178012 0.218759 0.209672 12105.8 9960.94 22066.7 4.87153
2.0275 0.177498 0.218451 0.211809 12033.6 10052.2 22085.8 4.84249
2.0285 0.177042 0.221647 0.215777 11980.3 10094.7 22075 4.82105
2.0295 0.177369 0.224721 0.214596 11945.6 10155.5 22101.1 4.80708
2.0305 0.179621 0.222185 0.217951 11924.3 10156.5 22080.8 4.79851
2.0315 0.187116 0.222939 0.221213 11908.8 10181.3 22090.1 4.79227
2.0325 0.184733 0.219178 0.217893 11891.6 10192.5 22084.1 4.78536
2.0335 0.182664 0.222052 0.221012 11867.8 10228.2 22096 4.77578
2.0345 0.182772 0.225134 0.218595 11835.8 10241.2 22077 4.7629
2.0355 0.186749 0.225854 0.220451 11797.4 10272.6 22069.9 4.74743
2.0365 0.184917 0.227325 0.22153 11756.9 10316.7 22073.6 4.73114
2.0375 0.185339 0.227604 0.22093 11720 10351.4 22071.4 4.71631
2.0385 0.190794 0.225009 0.220211 11692.9 10382.1 22075 4.70538
2.0395 0.194527 0.225097 0.220874 11680.7 10389.6 22070.3 4.7005
2.0405 0.191971 0.225099 0.216194 11687 10398.7 22085.7 4.70303
2.0415 0.191874 0.222288 0.211671 11712.3 10381.7 22094 4.71319
2.0425 0.190401 0.217052 0.213772 11753.3 10327.6 22080.9 4.7297
2.0435 0.191945 0.215423 0.221439 11803.7 10256.8 22060.5 4.74997
2.0445 0.190739 0.20994 0.224035 11854.8 10198.5 22053.3 4.77056
2.0455 0.191458 0.208047 0.227163 11898.2 10152.6 22050.8 4.78802
2.0465 0.192779 0.209428 0.224365 11926.8 10119.2 22046 4.79952
2.0475 0.18673 0.213737 0.222449 11936.8 10110.4 22047.2 4.80353
2.0485 0.180802 0.215531 0.223967 11928.1 10115.6 22043.7 4.80005
2.0495 0.181548 0.215478 0.223009 11904.4 10144.1 22048.5 4.7905
2.0505 0.187153 0.213012 0.225237 11871.6 10164 22035.6 4.77729
2.0515 0.185597 0.216833 0.225274 11835.9 10197.4 22033.3 4.76292
2.0525 0.187553 0.214719 0.223034 11801.9 10258.7 22060.6 4.74926
2.0535 0.189156 0.214793 0.223707 11771.4 10279.8 22051.2 4.737
2.0545 0.185076 0.21906 0.220478 11743.5 10305.2 22048.7 4.72577
2.0555 0.189555 0.218966 0.217595 11715.8 10324.5 22040.4 4.71462
2.0565 0.194905 0.215465 0.219876 11685.9 10345 22030.9 4.70256
2.0575 0.195839 0.210606 0.222676 11652.3 10386.9 22039.2 4.68906
2.0585 0.198504 0.207965 0.222767 11615.1 10421.7 22036.8 4.67408
2.0595 0.203756 0.208665 0.216565 11575.4 10457.8 22033.2 4.65811
2.0605 0.204867 0.214589 0.215327 11535.2 10515.9 22051.1 4.64193
2.0615 0.198383 0.219034 0.21361 11496.8 10533.1 22029.8 4.62647
2.0625 0.191858 0.220856 0.212508 11462.7 10570.7 22033.4 4.61276
2.0635 0.188835 0.223156 0.211001 11435.9 10597.6 22033.5 4.60196
2.0645 0.192256 0.219707 0.210877 11419.5 10630.7 22050.2 4.59536
2.0655 0.190848 0.217535 0.211869 11416.6 10624.1 22040.7 4.59419
2.0665 0.190427 0.210909 0.21581 11428.7 10604.8 22033.6 4.59909
2.0675 0.187437 0.208734 0.217777 11454.7 10575.3 22030 4.60955
2.0685 0.187168 0.205777 0.218923 11489.9 10555.4 22045.3 4.62371
2.0695 0.185533 0.205091 0.217064 11528.2 10524 22052.3 4.63913
2.0705 0.184149 0.20216 0.21498 11564 10504.9 22068.9 4.65352
2.0715 0.18089 0.196394 0.216176 11593.5 10482.5 22076 4.6654
2.0725 0.183651 0.195362 0.215606 11615.4 10473.7 22089.1 4.67419
2.0735 0.184031 0.194542 0.217959 11629.3 10446.7 22076 4.6798
2.0745 0.184059 0.195925 0.215213 11635.5 10452.5 22087.9 4.68228
2.0755 0.187937 0.197821 0.21394 11634.1 10446.7 22080.8 4.68174
2.0765 0.192355 0.194326 0.213337 11626.4 10450.8 22077.3 4.67865
2.0775 0.198392 0.191767 0.211342 11615.6 10472.5 22088.1 4.6743
2.0785 0.198746 0.19103 0.212969 11606.7 10494.5 22101.2 4.67072
2.0795 0.199226 0.190977 0.21551 11605.7 10499.1 22104.8 4.6703
2.0805 0.202528 0.188212 0.221402 11618.3 10496.1 22114.5 4.67538
2.0815 0.209316 0.190472 0.223066 11649.3 10502 22151.3 4.68783
2.0825 0.209059 0.19073 0.227043 11701.2 10447.7 22148.9 4.70873
2.0835 0.207012 0.188779 0.22496 11774.2 10366.3 22140.5 4.73813
2.0845 0.202011 0.181784 0.220993 11865 10259.9 22125 4.77466
2.0855 0.203942 0.181355 0.225352 11966.7 10135.5 22102.3 4.81559
2.0865 0.205097 0.178595 0.222213 12070.2 10024.8 22095 4.85724
2.0875 0.204449 0.178314 0.216555 12165.5 9935.27 22100.8 4.89557
2.0885 0.201619 0.178324 0.215757 12243.2 9844.42 22087.6 4.92683
2.0895 0.198763 0.173561 0.216354 12295.6 9765.71 22061.3 4.94795
2.0905 0.192336 0.174152 0.215942 12317.8 9738.77 22056.6 4.95687
2.0915 0.190848 0.175451 0.220256 12307.6 9745.58 22053.2 4.95274
2.0925 0.191471 0.174068 0.219684 12266.5 9787.85 22054.4 4.93622
2.0935 0.191805 0.174669 0.218964 12200.7 9826.5 22027.2 4.90973
2.0945 0.195653 0.17642 0.220487 12119.9 9904.93 22024.9 4.87724
2.0955 0.195601 0.180112 0.219658 12034.9 9992.5 22027.4 4.84301
2.0965 0.196711 0.177147 0.220272 11951.9 10068.3 22020.2 4.80962
2.0975 0.19712 0.178395 0.220923 11871.2 10152.5 22023.7 4.77715
2.0985 0.199139 0.174043 0.221421 11789.8 10228 22017.7 4.74437
2.0995 0.195159 0.172473 0.22054 11706 10303.6 22009.5 4.71066
2.1005 0.198409 0.177695 0.220564 11621.6 10386.8 22008.4 4.67671
2.1015 0.204412 0.1822 0.219514 11540.7 10472.5 22013.3 4.64415
2.1025 0.202139 0.189951 0.222954 11467.4 10544.7 22012.1 4.61464
2.1035 0.20709 0.193011 0.21982 11403.8 10609.5 22013.3 4.58904
2.1045 0.206347 0.193689 0.227354 11349.2 10658 22007.2 4.56709
2.1055 0.20906 0.192008 0.230086 11301.5 10716.4 22017.9 4.54787
2.1065 0.209131 0.192207 0.228366 11258.2 10768 22026.2 4.53045
2.1075 0.206318 0.188728 0.227584 11218.7 10818.3 22036.9 4.51455
2.1085 0.204749 0.192209 0.230856 11184.9 10869.9 22054.8 4.50095
2.1095 0.206033 0.191986 0.234113 11161.1 10893.8 22054.9 4.49137
2.1105 0.206915 0.189993 0.233318 11152.9 10910.4 22063.3 4.4881
2.1115 0.212228 0.188751 0.235584 11165.9 10905.8 22071.7 4.49332
2.1125 0.209089 0.187594 0.231133 11202.5 10885.7 22088.2 4.50806
2.1135 0.208475 0.18812 0.236143 11261.2 10844.8 22105.9 4.53165
2.1145 0.212529 0.182547 0.241332 11335.9 10781.8 22117.7 4.56172
2.1155 0.209712 0.182426 0.243125 11418.3 10694.5 22112.8 4.59489
2.1165 0.211293 0.179256 0.240601 11500.3 10627.8 22128.2 4.6279
2.1175 0.214058 0.173584 0.240408 11575.6 10534.7 22110.3 4.65818
2.1185 0.212278 0.174145 0.242505 11639.5 10477.9 22117.4 4.6839
2.1195 0.214705 0.172709 0.241862 11689.3 10400.8 22090.1 4.70393
2.1205 0.215671 0.171842 0.240871 11722.8 10372 22094.8 4.71741
2.1215 0.211449 0.172052 0.24222 11738.2 10355.3 22093.6 4.72364
2.1225 0.209884 0.173895 0.24553 11734.7 10351.7 22086.4 4.72223
2.1235 0.214294 0.167234 0.242207 11712.8 10364.2 22077 4.7134
2.1245 0.212418 0.160619 0.241997 11675.1 10393.7 22068.8 4.69825
2.1255 0.209309 0.159692 0.239098 11627.2 10451.3 22078.5 4.67893
2.1265 0.207132 0.151573 0.233404 11576.8 10517.2 22094 4.65867
2.1275 0.20695 0.152982 0.231965 11532.9 10569.5 22102.4 4.64099
2.1285 0.211508 0.155402 0.231976 11502 10595.6 22097.6 4.62859
2.1295 0.212321 0.159002 0.227899 11486.4 10604 22090.4 4.62229
2.1305 0.21664 0.159208 0.230501 11482.6 10620.8 22103.4 4.62075
2.1315 0.216175 0.1585 0.228837 11483.5 10613.7 22097.3 4.62114
2.1325 0.219609 0.16832 0.218644 11482.6 10602.8 22085.3 4.62075
2.1335 0.217191 0.169197 0.216917 11476.5 10631.4 22107.9 4.61831
2.1345 0.222812 0.170087 0.223111 11467 10649.3 22116.3 4.6145
2.1355 0.224862 0.170944 0.22638 11460 10668.3 22128.3 4.61167
2.1365 0.222822 0.169483 0.226489 11462.9 10686.9 22149.8 4.61285
2.1375 0.221039 0.169821 0.225996 11482.7 10659 22141.6 4.62079
2.1385 0.222969 0.178249 0.223601 11523.3 10626.6 22149.9 4.63715
2.1395 0.222273 0.181074 0.226498 11585 10570.8 22155.9 4.66198
2.1405 0.220373 0.181321 0.227185 11663.8 10482.5 22146.3 4.6937
2.1415 0.215866 0.179221 0.227566 11752.9 10390.9 22143.8 4.72954
2.1425 0.212729 0.175094 0.223886 11844.2 10320.9 22165.1 4.76629
2.1435 0.221483 0.17578 0.221959 11930.7 10233.2 22163.8 4.80107
2.1445 0.216249 0.176511 0.222136 12006.9 10164 22171 4.83176
2.1455 0.216583 0.175453 0.220205 12069.9 10097.5 22167.4 4.8571
2.1465 0.21868 0.172525 0.219195 12118.8 10041.5 22160.2 4.87677
2.1475 0.220807 0.177776 0.217821 12154.4 9989.37 22143.8 4.8911
2.1485 0.220241 0.176562 0.220907 12179 9960.19 22139.1 4.90099
2.1495 0.216357 0.179973 0.224404 12195.6 9939.94 22135.6 4.90771
2.1505 0.212323 0.180547 0.222958 12208.1 9921.69 22129.8 4.9127
2.1515 0.205531 0.180299 0.223465 12219.3 9902.11 22121.4 4.91723
2.1525 0.202917 0.173907 0.223539 12231.4 9897.13 22128.6 4.9221
2.1535 0.203711 0.170457 0.222979 12244.9 9894.42 22139.4 4.92754
2.1545 0.206089 0.169968 0.224433 12259.8 9898.49 22158.3 4.93351
2.1555 0.207866 0.166789 0.223179 12276.2 9878.57 22154.8 4.94013
2.1565 0.206477 0.164187 0.225227 12295.1 9876.27 22171.4 4.94773
2.1575 0.2065 0.164841 0.223184 12317.1 9868.52 22185.7 4.95659
2.1585 0.210012 0.169612 0.221277 12342 9830.51 22172.5 4.9666
2.1595 0.204801 0.168202 0.217646 12368.1 9820.91 22189.1 4.97712
2.1605 0.2021 0.168481 0.214862 12393.4 9798.05 22191.4 4.98726
2.1615 0.205863 0.168206 0.212201 12415.2 9783.34 22198.5 4.99604
2.1625 0.20715 0.170865 0.209615 12431.5 9756.3 22187.8 5.00262
2.1635 0.203832 0.167568 0.213556 12441.2 9741.86 22183 5.00651
2.1645 0.204465 0.169314 0.215776 12443.7 9733.38 22177.1 5.00754
2.1655 0.20636 0.175543 0.210917 12439 9710.77 22149.8 5.00564
2.1665 0.199294 0.178021 0.206684 12427.2 9714.32 22141.5 5.00087
2.1675 0.199511 0.176865 0.204702 12408 9739.41 22147.4 4.99316
2.1685 0.198103 0.178643 0.205091 12381 9741.55 22122.5 4.98229
2.1695 0.200269 0.173687 0.205227 12345.5 9784.1 22129.6 4.96801
2.1705 0.199827 0.167059 0.210958 12301.6 9804.2 22105.8 4.95035
2.1715 0.196802 0.165199 0.212358 12251.2 9846.36 22097.6 4.93007
2.1725 0.196521 0.163128 0.210579 12198.3 9888.72 22087 4.90878
2.1735 0.193211 0.164684 0.215116 12148.2 9957.84 22106.1 4.88861
2.1745 0.195013 0.161161 0.214578 12105.6 9988.62 22094.2 4.87146
2.1755 0.193326 0.158913 0.213866 12072.7 10032.2 22104.9 4.85823
2.1765 0.194351 0.156474 0.214932 12048.8 10040.5 22089.3 4.84862
2.1775 0.192361 0.150471 0.216211 12030.9 10051.2 22082.1 4.84141
2.1785 0.189774 0.147509 0.215869 12015.3 10075.1 22090.4 4.83512
2.1795 0.182848 0.1523 0.215612 11999.7 10115.6 22115.3 4.82885
2.1805 0.185049 0.14795 0.219609 11983.1 10145.3 22128.4 4.82219
2.1815 0.184143 0.145197 0.219962 11965 10165.7 22130.7 4.81488
2.1825 0.183128 0.143638 0.219858 11943.2 10189.8 22133 4.80612
2.1835 0.184338 0.143043 0.216383 11914.3 10213.9 22128.2 4.7945
2.1845 0.18351 0.143151 0.221138 11874.2 10248 22122.2 4.77835
2.1855 0.184053 0.14832 0.220493 11820.2 10319.8 22140 4.75661
2.1865 0.182317 0.148448 0.217142 11752.8 10393.2 22146 4.72948
2.1875 0.185666 0.147361 0.214979 11676.1 10474.8 22150.9 4.69862
2.1885 0.184282 0.146414 0.215313 11597.1 10531.4 22128.5 4.66685
2.1895 0.180172 0.149121 0.214632 11524.1 10604.4 22128.5 4.63748
2.1905 0.176693 0.154504 0.222111 11464.6 10659.3 22123.9 4.61353
2.1915 0.178658 0.157679 0.221221 11423.5 10713.5 22137 4.59697
2.1925 0.181578 0.157683 0.218999 11402.4 10742.9 22145.3 4.58849
2.1935 0.18382 0.160204 0.21401 11400.1 10739.2 22139.3 4.58757
2.1945 0.182767 0.157658 0.210323 11413.5 10716.3 22129.8 4.59295
2.1955 0.18345 0.156374 0.21108 11438.7 10687.4 22126.1 4.60308
2.1965 0.184127 0.153601 0.207592 11471.9 10649.3 22121.2 4.61648
2.1975 0.1867 0.155261 0.206961 11510.5 10621.4 22131.8 4.63198
2.1985 0.189244 0.158297 0.207081 11552.1 10578.6 22130.7 4.64874
2.1995 0.191103 0.161254 0.208212 11595.4 10550.8 22146.2 4.66616
2.2005 0.192895 0.166862 0.210493 11639.2 10514 22153.2 4.68378
2.2015 0.197121 0.166392 0.212282 11682.4 10453 22135.4 4.70115
2.2025 0.196757 0.172283 0.21686 11723.8 10412.7 22136.6 4.71785
2.2035 0.197274 0.177622 0.212786 11762.5 10377.6 22140.1 4.73338
2.2045 0.196971 0.179395 0.210405 11797 10357.2 22154.3 4.74729
2.2055 0.201102 0.181092 0.20833 11826.4 10343.2 22169.6 4.75912
2.2065 0.205542 0.180123 0.211138 11850.3 10321.7 22172.1 4.76874
2.2075 0.203582 0.179134 0.212373 11869.1 10314.8 22183.9 4.77629
2.2085 0.204887 0.17678 0.214785 11884.4 10283 22167.3 4.78245
2.2095 0.205043 0.176878 0.216083 11898.4 10249.9 22148.3 4.78809
2.2105 0.202657 0.173438 0.21225 11912.9 10260.4 22173.3 4.79393
2.2115 0.203476 0.175365 0.217452 11928.2 10262.8 22191 4.80009
2.2125 0.200652 0.175487 0.223149 11942.6 10244.8 22187.4 4.8059
2.2135 0.198876 0.17464 0.22605 11953.2 10243.7 22196.9 4.81016
2.2145 0.196526 0.174815 0.226163 11957 10236.3 22193.3 4.81167
2.2155 0.195929 0.17106 0.23208 11952.3 10248.2 22200.4 4.80977
2.2165 0.191916 0.169311 0.230931 11938.4 10251.3 22189.7 4.80417
2.2175 0.186962 0.171239 0.229471 11915.4 10273.1 22188.5 4.79494
2.2185 0.19029 0.167656 0.22074 11883.6 10306 22189.7 4.78215
2.2195 0.182979 0.168251 0.219023 11843.5 10346.2 22189.7 4.76599
2.2205 0.181215 0.168814 0.218464 11796.2 10384 22180.1 4.74694
2.2215 0.182271 0.166498 0.217042 11744.5 10432.3 22176.8 4.72614
2.2225 0.180567 0.169202 0.222369 11692.3 10470.2 22162.6 4.70517
2.2235 0.182854 0.164934 0.225756 11644.6 10496.6 22141.2 4.68594
2.2245 0.184676 0.162544 0.222086 11605.4 10516.9 22122.3 4.67018
2.2255 0.181343 0.161147 0.219296 11578.1 10550 22128.1 4.6592
2.2265 0.181737 0.16139 0.217105 11564.7 10565.8 22130.6 4.65382
2.2275 0.181231 0.167428 0.210431 11565.6 10582.7 22148.3 4.65416
2.2285 0.18178 0.164673 0.21082 11579 10594.2 22173.3 4.65957
2.2295 0.175992 0.161464 0.21208 11601.2 10582.5 22183.8 4.6685
2.2305 0.175572 0.161743 0.212 11627.2 10541.1 22168.3 4.67896
2.2315 0.170443 0.156019 0.21011 11651.8 10484.4 22136.3 4.68887
2.2325 0.175832 0.155645 0.211032 11670.8 10438.1 22108.9 4.69648
2.2335 0.174611 0.154565 0.212659 11680.9 10433.9 22114.8 4.70057
2.2345 0.170038 0.151729 0.210674 11680.6 10436.6 22117.1 4.70043
2.2355 0.166571 0.14615 0.21216 11669.1 10449.3 22118.4 4.6958
2.2365 0.165978 0.148517 0.212075 11646.4 10479.1 22125.5 4.68669
2.2375 0.163593 0.148568 0.210205 11613.1 10522 22135.1 4.67328
2.2385 0.162012 0.148725 0.204621 11569.8 10578.4 22148.1 4.65584
2.2395 0.155878 0.141086 0.203703 11517.4 10620.1 22137.5 4.63477
2.2405 0.156189 0.139337 0.207223 11457.8 10678.5 22136.3 4.61079
2.2415 0.156695 0.137205 0.207248 11394 10738.9 22132.9 4.58512
2.2425 0.156331 0.137459 0.210165 11330.5 10790.6 22121 4.55954
2.2435 0.159556 0.140297 0.211554 11272.9 10837.5 22110.4 4.53637
2.2445 0.159957 0.14245 0.210267 11227.6 10898.3 22125.9 4.51814
2.2455 0.164822 0.149517 0.216552 11200.4 10897.1 22097.5 4.50719
2.2465 0.167348 0.140312 0.218486 11195 10933.4 22128.4 4.50501
2.2475 0.169095 0.135434 0.22042 11212 10896.1 22108.2 4.51188
2.2485 0.165502 0.139287 0.220389 11249.1 10855.4 22104.5 4.52682
2.2495 0.164935 0.143732 0.222441 11301.6 10806.5 22108 4.54792
2.2505 0.169655 0.145271 0.221801 11363.4 10736.3 22099.7 4.57279
2.2515 0.171154 0.143963 0.221938 11429.1 10693 22122.2 4.59924
2.2525 0.166243 0.146451 0.227546 11494.5 10625.3 22119.8 4.62556
2.2535 0.175626 0.148677 0.226491 11556.9 10558 22114.9 4.65068
2.2545 0.173184 0.147462 0.225933 11615.3 10481.9 22097.2 4.67417
2.2555 0.17588 0.148962 0.228124 11669.3 10433.8 22103.1 4.69589
2.2565 0.173181 0.150007 0.222842 11718.8 10368.9 22087.7 4.71581
2.2575 0.177132 0.150814 0.220846 11763.2 10324.5 22087.7 4.73366
2.2585 0.181362 0.14656 0.218658 11801.3 10289.9 22091.2 4.74901
2.2595 0.17882 0.148811 0.216973 11831.9 10234.3 22066.2 4.76132
2.2605 0.17675 0.150382 0.216374 11854.3 10209.5 22063.8 4.77035
2.2615 0.174549 0.148921 0.214042 11869.2 10195.8 22065 4.77635
2.2625 0.173239 0.146627 0.216776 11878.6 10198.4 22076.9 4.78012
2.2635 0.173156 0.149223 0.218885 11885.3 10172.7 22058 4.78281
2.2645 0.176889 0.14855 0.218923 11892.4 10191.8 22084.2 4.78568
2.2655 0.179923 0.148391 0.214288 11902.4 10175.9 22078.3 4.7897
2.2665 0.18043 0.146605 0.216053 11916.2 10181.1 22097.3 4.79526
2.2675 0.178672 0.146953 0.216632 11933.2 10161.7 22094.9 4.8021
2.2685 0.174564 0.148127 0.218926 11951.5 10143.4 22094.9 4.80947
2.2695 0.171938 0.149691 0.218452 11968.6 10126.3 22095 4.81636
2.2705 0.175534 0.15555 0.222995 11982.3 10098.3 22080.6 4.82185
2.2715 0.177125 0.158394 0.228727 11990.6 10075.8 22066.4 4.8252
2.2725 0.180207 0.159563 0.233289 11992.3 10070.5 22062.8 4.82588
2.2735 0.182792 0.159649 0.233652 11986.5 10064.4 22050.9 4.82356
2.2745 0.185526 0.153771 0.233834 11973.4 10082.4 22055.8 4.81826
2.2755 0.185287 0.152214 0.237527 11953.7 10077.1 22030.9 4.81035
2.2765 0.182935 0.153209 0.239828 11929.5 10108.5 22037.9 4.80059
2.2775 0.182752 0.15736 0.239396 11903.4 10153.6 22057 4.7901
2.2785 0.190609 0.157911 0.238012 11878.3 10165.6 22044 4.78001
2.2795 0.19426 0.158278 0.242197 11856.5 10181.5 22038 4.77121
2.2805 0.197869 0.161848 0.245511 11838.5 10231.5 22070 4.764
2.2815 0.203784 0.163241 0.250101 11823.7 10247.5 22071.2 4.75803
2.2825 0.208102 0.158842 0.250201 11810 10236.2 22046.2 4.75253
2.2835 0.213499 0.158889 0.255544 11795.3 10262.7 22058 4.74659
2.2845 0.212695 0.157939 0.257286 11777.7 10280.3 22058 4.73953
2.2855 0.212517 0.160548 0.25777 11756.2 10287.6 22043.8 4.73087
2.2865 0.210718 0.160964 0.252962 11730.2 10311.2 22041.4 4.7204
2.2875 0.206149 0.159121 0.250076 11699.7 10355.9 22055.6 4.70813
2.2885 0.20677 0.163439 0.247502 11665.3 10396.3 22061.7 4.6943
2.2895 0.20962 0.165961 0.249609 11628.9 10428 22056.9 4.67963
2.2905 0.211484 0.168698 0.254313 11592.7 10469 22061.7 4.66506
2.2915 0.206824 0.166773 0.255977 11559.1 10502.6 22061.7 4.65156
2.2925 0.206608 0.169335 0.257067 11529.9 10524.8 22054.6 4.63978
2.2935 0.21309 0.178079 0.256413 11505.4 10526.6 22032 4.62994
2.2945 0.212805 0.17715 0.254141 11486.4 10540.9 22027.2 4.62229
2.2955 0.213599 0.181411 0.25049 11475.1 10564.1 22039.3 4.61775
2.2965 0.217119 0.185126 0.251478 11476.3 10557.1 22033.4 4.61821
2.2975 0.223885 0.182101 0.256851 11494.2 10522.6 22016.8 4.62543
2.2985 0.219941 0.181105 0.259571 11529.1 10468.6 21997.7 4.63947
2.2995 0.212876 0.176218 0.262969 11574.9 10409.6 21984.5 4.65793
2.3005 0.209696 0.177596 0.26233 11621.9 10366 21988 4.67684
2.3015 0.212309 0.183597 0.266275 11660.5 10344 22004.5 4.69235
2.3025 0.211535 0.186481 0.262853 11684 10322.8 22006.8 4.7018
2.3035 0.216995 0.189485 0.26533 11689.7 10330.2 22019.8 4.70409
2.3045 0.215954 0.190666 0.265241 11678.8 10344.7 22023.5 4.69971
2.3055 0.212865 0.190126 0.268209 11655.9 10362.9 22018.8 4.69051
2.3065 0.21277 0.190484 0.270749 11628.1 10409.8 22037.9 4.67931
2.3075 0.214806 0.191347 0.271959 11602.7 10434.1 22036.9 4.66911
2.3085 0.215599 0.193924 0.272402 11585.1 10442.3 22027.4 4.662
2.3095 0.213621 0.1935 0.268984 11577.3 10450.1 22027.3 4.65886
2.3105 0.215458 0.193926 0.267214 11579 10456.7 22035.7 4.65955
2.3115 0.220503 0.191662 0.270561 11589 10438.3 22027.3 4.66359
2.3125 0.21915 0.193568 0.272838 11606.5 10442.2 22048.7 4.67061
2.3135 0.219376 0.193013 0.27916 11630 10412.7 22042.7 4.68007
2.3145 0.216787 0.195151 0.276034 11657.2 10391.3 22048.6 4.69104
2.3155 0.21384 0.194417 0.27362 11684.7 10357.9 22042.6 4.70209
2.3165 0.216575 0.192051 0.274163 11708.7 10316.1 22024.8 4.71176
2.3175 0.216297 0.190478 0.27161 11726.8 10312.2 22039 4.71903
2.3185 0.215672 0.189607 0.275013 11738.5 10308.8 22047.3 4.72376
2.3195 0.213868 0.193502 0.277113 11745.2 10324.8 22070 4.72644
2.3205 0.214746 0.19455 0.276988 11749.1 10330.4 22079.5 4.728
2.3215 0.223351 0.190026 0.270306 11752.7 10322.1 22074.8 4.72945
2.3225 0.224811 0.19064 0.269881 11758 10314.4 22072.4 4.73159
2.3235 0.222067 0.188667 0.26938 11765.8 10299.6 22065.4 4.73473
2.3245 0.213989 0.185795 0.265511 11775.7 10300.3 22076 4.7387
2.3255 0.217401 0.181137 0.265297 11786 10294.8 22080.8 4.74285
2.3265 0.22007 0.183822 0.26755 11794.5 10283.9 22078.4 4.74627
2.3275 0.219712 0.180126 0.267163 11799 10268.6 22067.6 4.74809
2.3285 0.219429 0.183694 0.267158 11798.5 10266.8 22065.3 4.74789
2.3295 0.222868 0.178099 0.273216 11793.8 10260.8 22054.6 4.74599
2.3305 0.230179 0.17814 0.27255 11787.7 10264.6 22052.3 4.74354
2.3315 0.227839 0.177456 0.276677 11783.8 10297 22080.8 4.74199
2.3325 0.229769 0.176347 0.275094 11784.8 10300.8 22085.6 4.74238
2.3335 0.229209 0.175927 0.27573 11791 10294.5 22085.6 4.74488
2.3345 0.223689 0.175755 0.275138 11801.6 10268.6 22070.1 4.74912
2.3355 0.219319 0.181936 0.274892 11815.9 10254.3 22070.2 4.75488
2.3365 0.224803 0.181286 0.273128 11834.8 10227.1 22061.9 4.76248
2.3375 0.221055 0.182486 0.271863 11860.1 10211.3 22071.4 4.77267
2.3385 0.224911 0.179112 0.275558 11893.7 10195.6 22089.3 4.78618
2.3395 0.224864 0.178208 0.277511 11935.9 10137.9 22073.7 4.80317
2.3405 0.218941 0.177335 0.278056 11985 10109 22093.9 4.82292
2.3415 0.218573 0.174044 0.277419 12036.6 10070.3 22106.9 4.84372
2.3425 0.219645 0.173652 0.27932 12084.9 9994.6 22079.5 4.86313
2.3435 0.219201 0.175925 0.274544 12123.3 9946.62 22069.9 4.87859
2.3445 0.219156 0.176388 0.270384 12147 9897.83 22044.9 4.88814
2.3455 0.22075 0.177503 0.266015 12153.8 9906.72 22060.5 4.89085
2.3465 0.217532 0.180143 0.269656 12144.1 9915.17 22059.3 4.88697
2.3475 0.217965 0.183472 0.267941 12121.6 9948.49 22070.1 4.87792
2.3485 0.219867 0.180493 0.261396 12091.4 9979.95 22071.4 4.86577
2.3495 0.221084 0.180296 0.261537 12059.1 10012.5 22071.5 4.85274
2.3505 0.218908 0.184123 0.264221 12028.8 10035.6 22064.4 4.84058
2.3515 0.218029 0.18292 0.266338 12003 10062.6 22065.6 4.83019
2.3525 0.216326 0.18313 0.268747 11981.6 10093.5 22075.1 4.82157
2.3535 0.211893 0.187981 0.265737 11962.5 10118.4 22080.9 4.81388
2.3545 0.212987 0.188123 0.262151 11943 10118.9 22061.9 4.80603
2.3555 0.213319 0.181541 0.260604 11920.6 10131.7 22052.3 4.79704
2.3565 0.215062 0.179869 0.262999 11894.1 10157 22051.1 4.78635
2.3575 0.213005 0.178499 0.265228 11863.4 10196 22059.5 4.77402
2.3585 0.214061 0.175681 0.262918 11830 10212.8 22042.8 4.76055
2.3595 0.213969 0.169446 0.260034 11795.2 10254.7 22049.9 4.74658
2.3605 0.211571 0.163145 0.261447 11760.3 10294.4 22054.7 4.7325
2.3615 0.205571 0.167406 0.264639 11724.8 10316.9 22041.6 4.71821
2.3625 0.208577 0.166476 0.268666 11687.3 10374.5 22061.8 4.70313
2.3635 0.204731 0.16634 0.273449 11646.1 10408.6 22054.7 4.68657
2.3645 0.205953 0.163419 0.268685 11600.6 10448.2 22048.8 4.66825
2.3655 0.204213 0.158467 0.266766 11551.9 10496.8 22048.8 4.64867
2.3665 0.203961 0.157468 0.266739 11503.2 10557.5 22060.7 4.62905
2.3675 0.204055 0.161685 0.269392 11458.4 10597.7 22056 4.61102
2.3685 0.198511 0.162324 0.269103 11421.7 10630.9 22052.6 4.59627
2.3695 0.196589 0.156856 0.266313 11396.6 10651.3 22047.9 4.58614
2.3705 0.198144 0.155969 0.269867 11385.3 10689.8 22075.1 4.5816
2.3715 0.198848 0.153895 0.269326 11388.8 10669.8 22058.5 4.58302
2.3725 0.194797 0.154923 0.264937 11406.4 10662.8 22069.1 4.59009
2.3735 0.196917 0.154893 0.269738 11435.6 10614.5 22050.2 4.60186
2.3745 0.192011 0.154281 0.269868 11473.3 10582.7 22056 4.61704
2.3755 0.192027 0.150467 0.269962 11516.8 10536.9 22053.7 4.63453
2.3765 0.187645 0.151076 0.271423 11564.2 10464.5 22028.7 4.65361
2.3775 0.190653 0.154343 0.273133 11614.8 10421 22035.8 4.67398
2.3785 0.192368 0.155191 0.273007 11668.1 10378.5 22046.6 4.69541
2.3795 0.190929 0.154334 0.273725 11723.1 10300.8 22023.9 4.71755
2.3805 0.190062 0.150892 0.275299 11777.9 10228.2 22006.1 4.73959
2.3815 0.188787 0.152104 0.271938 11829.5 10174.2 22003.7 4.76037
2.3825 0.187164 0.15275 0.270569 11874.2 10103.2 21977.4 4.77836
2.3835 0.189063 0.155568 0.272946 11908.2 10094.1 22002.3 4.79205
2.3845 0.190408 0.147208 0.27554 11928.2 10057.5 21985.7 4.8001
2.3855 0.188655 0.145379 0.278556 11931.8 10021.8 21953.6 4.80154
2.3865 0.181449 0.144449 0.28086 11917.5 10040.9 21958.3 4.79576
2.3875 0.18175 0.145655 0.282804 11884.6 10082 21966.6 4.78255
2.3885 0.183445 0.146251 0.289914 11833.5 10147.3 21980.8 4.76197
2.3895 0.183802 0.148985 0.2951 11765.3 10207.2 21972.6 4.73455
2.3905 0.186165 0.144855 0.296932 11683.3 10301.2 21984.5 4.70152
2.3915 0.187998 0.142075 0.294188 11592.6 10415.8 22008.4 4.66504
2.3925 0.186176 0.138905 0.292203 11501 10511.1 22012 4.62815
2.3935 0.189215 0.140268 0.293066 11416.9 10619 22035.9 4.59431
2.3945 0.193 0.142092 0.288504 11348.2 10697.3 22045.4 4.56667
2.3955 0.190326 0.143319 0.28577 11300.8 10760.2 22061 4.54761
2.3965 0.193388 0.143412 0.290124 11278.6 10788.4 22066.9 4.53866
2.3975 0.20127 0.139811 0.294189 11282.8 10795.9 22078.7 4.54036
2.3985 0.204967 0.135246 0.294433 11311.7 10789.5 22101.2 4.552
2.3995 0.203587 0.134431 0.289651 11360.5 10746.6 22107.1 4.57162
2.4005 0.199076 0.131845 0.288321 11422.5 10677.3 22099.8 4.59659
2.4015 0.205167 0.136237 0.286113 11491.7 10591.5 22083.2 4.62444
2.4025 0.206575 0.133291 0.289194 11563.8 10521.7 22085.5 4.65345
2.4035 0.204617 0.131723 0.290184 11636.2 10439.8 22076 4.68259
2.4045 0.202745 0.132912 0.29443 11707.4 10369.9 22077.3 4.71125
2.4055 0.200745 0.132158 0.296762 11776.1 10290.5 22066.6 4.73885
2.4065 0.20215 0.133634 0.302122 11840.4 10223.8 22064.2 4.76476
2.4075 0.204052 0.131688 0.303649 11898.7 10137 22035.7 4.78821
2.4085 0.200796 0.133365 0.307898 11949.1 10091.3 22040.5 4.8085
2.4095 0.197254 0.131377 0.308693 11990.3 10035.8 22026.2 4.82508
2.4105 0.196616 0.129053 0.315686 12021.7 10018.8 22040.5 4.83772
2.4115 0.193438 0.129658 0.318064 12043.5 9993.45 22036.9 4.84647
2.4125 0.193847 0.133248 0.319518 12056.6 9979.17 22035.7 4.85173
2.4135 0.190952 0.130917 0.318876 12062.7 10013.4 22076.1 4.8542
2.4145 0.18543 0.131252 0.318241 12064 10000.3 22064.3 4.85473
2.4155 0.187576 0.133251 0.32163 12062.5 9974.39 22036.9 4.85413
2.4165 0.188883 0.127083 0.32021 12059.4 10000 22059.5 4.85289
2.4175 0.185449 0.128966 0.322097 12055 9991.45 22046.4 4.85109
2.4185 0.18593 0.125397 0.318171 12048.2 10010.1 22058.3 4.84838
2.4195 0.185132 0.120401 0.317327 12038.2 10020.1 22058.3 4.84434
2.4205 0.184138 0.119896 0.317248 12024.6 10050.3 22074.9 4.83887
2.4215 0.188994 0.120466 0.318874 12008.4 10067.6 22076.1 4.83237
2.4225 0.187036 0.126212 0.318871 11991.8 10074.8 22066.6 4.82569
2.4235 0.181199 0.127619 0.31705 11977.6 10108.1 22085.7 4.81995
2.4245 0.188132 0.128643 0.318184 11967.9 10110.6 22078.5 4.81606
2.4255 0.18916 0.1299 0.316823 11963.8 10127.7 22091.5 4.81439
2.4265 0.191013 0.133558 0.314523 11964.3 10122.5 22086.8 4.81459
2.4275 0.189626 0.136009 0.313324 11966.9 10107.9 22074.8 4.81565
2.4285 0.188724 0.133001 0.320981 11968.8 10116.7 22085.5 4.81641
2.4295 0.191978 0.128901 0.321526 11967.4 10117 22084.4 4.81586
2.4305 0.195152 0.127674 0.320248 11961.3 10134.9 22096.2 4.81342
2.4315 0.195221 0.127923 0.317196 11950.3 10135.3 22085.5 4.80896
2.4325 0.190319 0.12831 0.316305 11934.9 10169.7 22104.6 4.80277
2.4335 0.190468 0.126992 0.313271 11916.5 10197.6 22114.2 4.79538
2.4345 0.194069 0.133118 0.31425 11897.2 10202.7 22099.9 4.78759
2.4355 0.192836 0.131309 0.313873 11879.3 10179.2 22058.5 4.78041
2.4365 0.193413 0.131193 0.311278 11866 10199.6 22065.6 4.77505
2.4375 0.195718 0.134209 0.309558 11860.3 10199.4 22059.7 4.77276
2.4385 0.195529 0.129038 0.308248 11864.3 10178.8 22043.1 4.77437
2.4395 0.196966 0.129423 0.306864 11878.1 10144.6 22022.7 4.77992
2.4405 0.195732 0.127558 0.305931 11898.8 10132.1 22031 4.78827
2.4415 0.18893 0.127936 0.305624 11921.5 10123.7 22045.1 4.79737
2.4425 0.183831 0.12686 0.302958 11940.1 10114.6 22054.6 4.80486
2.4435 0.182225 0.121769 0.301646 11950.3 10128 22078.3 4.80897
2.4445 0.184295 0.120812 0.295855 11951 10128.6 22079.6 4.80924
2.4455 0.185555 0.124753 0.294544 11944.6 10132.7 22077.3 4.80667
2.4465 0.190269 0.122472 0.290608 11936.2 10136.3 22072.5 4.80332
2.4475 0.193047 0.117066 0.291109 11931.6 10131.5 22063.1 4.80146
2.4485 0.193004 0.121002 0.287876 11933.9 10123.3 22057.3 4.80238
2.4495 0.192384 0.127691 0.280659 11943.2 10119.9 22063.1 4.80612
2.4505 0.188535 0.123782 0.283686 11956.9 10109.8 22066.6 4.81163
2.4515 0.191474 0.128082 0.281838 11971.3 10100.1 22071.4 4.81743
2.4525 0.193856 0.126186 0.282027 11983.2 10081.1 22064.3 4.82222
2.4535 0.192245 0.129283 0.28566 11990.3 10073.9 22064.2 4.82506
2.4545 0.191319 0.128207 0.287909 11991.2 10074.2 22065.4 4.82543
2.4555 0.197185 0.125995 0.289374 11984.8 10105.4 22090.3 4.82287
2.4565 0.199642 0.124573 0.289881 11970.2 10127.2 22097.4 4.817
2.4575 0.202816 0.123987 0.285305 11947 10130.2 22077.2 4.80766
2.4585 0.20476 0.126183 0.279783 11916.3 10156.2 22072.6 4.79529
2.4595 0.204141 0.127598 0.281144 11881.8 10198 22079.8 4.78141
2.4605 0.207157 0.127197 0.284405 11849 10217.7 22066.8 4.76823
2.4615 0.209051 0.127128 0.285052 11823.1 10234.2 22057.3 4.75778
2.4625 0.210672 0.125974 0.286254 11805.3 10242.4 22047.7 4.75062
2.4635 0.214641 0.125674 0.285684 11792.5 10256.2 22048.7 4.74545
2.4645 0.217704 0.127149 0.287503 11779.2 10298 22077.3 4.74014
2.4655 0.223044 0.131028 0.289969 11762 10328.3 22090.3 4.73319
2.4665 0.222128 0.128604 0.286631 11741.2 10332.5 22073.7 4.72484
2.4675 0.213762 0.13491 0.287249 11721.4 10370.2 22091.6 4.71687
2.4685 0.206146 0.132059 0.288069 11708.7 10396.1 22104.8 4.71176
2.4695 0.210461 0.129733 0.292202 11709.1 10393.4 22102.5 4.71191
2.4705 0.210358 0.125197 0.292757 11726.8 10373.4 22100.2 4.71902
2.4715 0.207824 0.123391 0.296139 11763.6 10329.5 22093.1 4.73384
2.4725 0.207618 0.121478 0.300475 11819.1 10249 22068.2 4.75619
2.4735 0.207642 0.121159 0.302525 11890.8 10182 22072.8 4.78505
2.4745 0.206832 0.119027 0.301498 11974.3 10060.4 22034.7 4.81864
2.4755 0.209817 0.119417 0.298759 12063.4 9972.26 22035.7 4.85451
2.4765 0.209605 0.120595 0.297779 12150.3 9903.07 22053.4 4.88947
2.4775 0.209903 0.116557 0.303713 12225.9 9825 22050.9 4.91986
2.4785 0.209405 0.110902 0.302267 12281 9773.33 22054.3 4.94205
2.4795 0.213105 0.114919 0.295956 12308.4 9722.06 22030.5 4.95309
2.4805 0.211824 0.116598 0.296727 12304.2 9716.75 22020.9 4.95139
2.4815 0.214401 0.119717 0.295408 12268.8 9743.97 22012.8 4.93715
2.4825 0.220315 0.117579 0.295576 12207.5 9824.5 22032 4.91248
2.4835 0.216959 0.119677 0.289814 12129.2 9925.38 22054.6 4.88098
2.4845 0.218951 0.125771 0.291571 12045.1 10006.1 22051.2 4.84714
2.4855 0.220896 0.124605 0.291146 11965.7 10060.8 22026.5 4.81517
2.4865 0.222718 0.124199 0.291734 11898.8 10112.3 22011.1 4.78826
2.4875 0.223875 0.126515 0.287791 11848.8 10160 22008.8 4.76812
2.4885 0.223017 0.128201 0.2887 11816.5 10195.8 22012.3 4.75512
2.4895 0.21693 0.128952 0.288043 11800.6 10217.6 22018.2 4.74872
2.4905 0.212963 0.132724 0.285691 11798.7 10224.2 22022.9 4.74795
2.4915 0.213984 0.134353 0.282801 11808 10249.4 22057.4 4.7517
2.4925 0.21274 0.133222 0.277936 11826.1 10237.1 22063.2 4.759
2.4935 0.213464 0.13291 0.276815 11851.3 10227.4 22078.6 4.76911
2.4945 0.21699 0.134189 0.27401 11882.3 10205.8 22088.1 4.78162
2.4955 0.216093 0.136085 0.272151 11919.2 10200.9 22120.2 4.79648
2.4965 0.21555 0.136349 0.272786 11962.9 10150.2 22113.1 4.81405
2.4975 0.218754 0.132438 0.272938 12014.6 10110.4 22125 4.83485
2.4985 0.220222 0.136475 0.270525 12075 10040.5 22115.4 4.85915
2.4995 0.220032 0.138339 0.269598 12143 9982.02 22125 4.88651
2.5005 0.222793 0.138405 0.268197 12215.2 9926.28 22141.5 4.91559
2.5015 0.223196 0.137363 0.265414 12286.4 9876.27 22162.7 4.94423
2.5025 0.218214 0.131707 0.267634 12349.9 9817.45 22167.3 4.96977
2.5035 0.215369 0.131055 0.265896 12398.8 9783.93 22182.7 4.98944
2.5045 0.217335 0.127485 0.262381 12427.4 9738.56 22166 5.00097
2.5055 0.21871 0.116601 0.258486 12432.1 9749.37 22181.5 5.00286
2.5065 0.219168 0.11716 0.262972 12411.9 9766 22177.9 4.99473
2.5075 0.219535 0.117575 0.267231 12369 9835.14 22204.1 4.97746
2.5085 0.221461 0.115381 0.267593 12308.5 9912.36 22220.9 4.95313
2.5095 0.222129 0.108957 0.267788 12237.5 9973.92 22211.4 4.92455
2.5105 0.223159 0.108613 0.268164 12163.7 10040.7 22204.5 4.89487
2.5115 0.221189 0.104362 0.266025 12093.9 10105.9 22199.7 4.86675
2.5125 0.223635 0.102074 0.263024 12032.6 10161.2 22193.8 4.84211
2.5135 0.221123 0.102393 0.257915 11982.7 10194.6 22177.2 4.82199
2.5145 0.225426 0.107741 0.256815 11945.1 10234.4 22179.5 4.80689
2.5155 0.226966 0.109232 0.258908 11920.5 10263.8 22184.4 4.79699
2.5165 0.22869 0.11218 0.257766 11909.3 10288 22197.4 4.79249
2.5175 0.233059 0.116487 0.251939 11912.4 10286 22198.5 4.79374
2.5185 0.235224 0.117451 0.255643 11930.5 10271.7 22202.1 4.80099
2.5195 0.237575 0.120249 0.260331 11963.4 10235.1 22198.5 4.81423
2.5205 0.238576 0.120417 0.259348 12009.7 10188.7 22198.4 4.83289
2.5215 0.239521 0.118016 0.264211 12066.4 10149.8 22216.1 4.85568
2.5225 0.239603 0.119797 0.262423 12128.3 10097.2 22225.5 4.88061
2.5235 0.235316 0.122017 0.262369 12189.4 10040.7 22230.2 4.9052
2.5245 0.241207 0.120922 0.265475 12243.3 9996.33 22239.6 4.92688
2.5255 0.244328 0.119679 0.264781 12284.2 9958.86 22243.1 4.94336
2.5265 0.243847 0.119357 0.26571 12308.7 9929.71 22238.4 4.95318
2.5275 0.238278 0.121383 0.269989 12315.4 9924.11 22239.5 4.9559
2.5285 0.237489 0.120464 0.271424 12306.1 9934.77 22240.9 4.95215
2.5295 0.23763 0.122479 0.269546 12283.9 9949.92 22233.8 4.94321
2.5305 0.235349 0.121419 0.26864 12252.7 9959.81 22212.5 4.93067
2.5315 0.234511 0.123741 0.268898 12215.5 9981.57 22197.1 4.91569
2.5325 0.232612 0.119893 0.271626 12173.8 9998.38 22172.2 4.89892
2.5335 0.234048 0.117836 0.276833 12128 10021.7 22149.6 4.88048
2.5345 0.233903 0.115646 0.272694 12078.1 10084.6 22162.7 4.86042
2.5355 0.239551 0.116708 0.27589 12025 10122.3 22147.3 4.83903
2.5365 0.235748 0.116427 0.276661 11970 10166.6 22136.7 4.81691
2.5375 0.232619 0.116311 0.273838 11915.7 10218.5 22134.3 4.79506
2.5385 0.230959 0.118481 0.280297 11864.8 10258.7 22123.6 4.77459
2.5395 0.226691 0.116672 0.281611 11819.8 10296.7 22116.5 4.75644
2.5405 0.224246 0.119777 0.283363 11781.6 10336 22117.6 4.7411
2.5415 0.22705 0.123004 0.277017 11749.9 10357 22106.9 4.72832
2.5425 0.233044 0.124808 0.280784 11722.7 10409.2 22131.9 4.71739
2.5435 0.236572 0.128944 0.278938 11697.9 10432.8 22130.6 4.70739
2.5445 0.23943 0.126039 0.282906 11673.7 10458.1 22131.8 4.69766
2.5455 0.233281 0.124732 0.285966 11649.7 10492.8 22142.5 4.688
2.5465 0.233011 0.127929 0.284248 11626.6 10516 22142.5 4.6787
2.5475 0.23586 0.127377 0.28171 11605.7 10567.8 22173.5 4.6703
2.5485 0.236566 0.1211 0.279504 11588.7 10583.6 22172.3 4.66347
2.5495 0.238258 0.12085 0.273263 11577.5 10578.3 22155.7 4.65894
2.5505 0.237535 0.120983 0.277232 11573.9 10565.2 22139.1 4.65751
2.5515 0.237844 0.124368 0.273618 11580 10548.5 22128.5 4.65995
2.5525 0.23548 0.129453 0.275187 11597.6 10510.8 22108.4 4.66704
2.5535 0.23533 0.131546 0.277747 11628.5 10485.8 22114.3 4.67947
2.5545 0.23475 0.13529 0.27913 11673.8 10436.9 22110.7 4.69772
2.5555 0.234083 0.134294 0.281886 11733.5 10377.2 22110.8 4.72175
2.5565 0.231228 0.136195 0.279389 11805.5 10317.1 22122.5 4.75069
2.5575 0.226904 0.13391 0.281025 11885.3 10255.1 22140.3 4.7828
2.5585 0.225454 0.134611 0.281846 11967.2 10138.6 22105.8 4.81579
2.5595 0.224044 0.134512 0.28535 12045.2 10052.3 22097.4 4.84715
2.5605 0.224141 0.130826 0.287661 12113.4 9995.83 22109.2 4.87461
2.5615 0.226562 0.123108 0.284406 12167.4 9937.1 22104.5 4.89634
2.5625 0.23008 0.121159 0.286046 12203.9 9874.44 22078.3 4.91102
2.5635 0.226667 0.120268 0.279418 12221.2 9848.78 22070 4.91799
2.5645 0.222015 0.121839 0.274599 12219.3 9860.17 22079.5 4.91722
2.5655 0.221788 0.120253 0.274787 12200.5 9876.73 22077.2 4.90966
2.5665 0.223389 0.122495 0.273358 12169.1 9921.15 22090.3 4.89704
2.5675 0.225408 0.118492 0.273122 12131.5 9954.18 22085.7 4.88189
2.5685 0.225916 0.124194 0.27145 12094.8 9992.23 22087 4.86711
2.5695 0.223251 0.121707 0.269306 12065.9 10002.1 22068.1 4.8555
2.5705 0.224091 0.122112 0.266187 12050.6 10046 22096.6 4.84932
2.5715 0.221096 0.127474 0.267773 12052.1 10050.4 22102.5 4.84994
2.5725 0.213617 0.128659 0.268411 12071.7 10026.1 22097.8 4.85785
2.5735 0.21344 0.126991 0.268579 12108.6 9987.95 22096.5 4.87266
2.5745 0.215808 0.128018 0.271188 12159.2 9931.31 22090.5 4.89302
2.5755 0.212504 0.129745 0.273342 12218 9875.83 22093.9 4.91672
2.5765 0.206004 0.133764 0.274406 12277.9 9814.73 22092.6 4.9408
2.5775 0.21002 0.131521 0.274689 12331 9747.17 22078.2 4.96217
2.5785 0.210958 0.131874 0.271292 12370.7 9715.75 22086.5 4.97816
2.5795 0.209974 0.134538 0.272734 12392.5 9682.02 22074.5 4.98693
2.5805 0.209513 0.137787 0.276339 12394.1 9672.18 22066.2 4.98755
2.5815 0.213892 0.137339 0.27344 12374.6 9709.48 22084 4.9797
2.5825 0.212718 0.136088 0.27398 12334.4 9769.88 22104.2 4.96353
2.5835 0.212819 0.13623 0.270161 12275.3 9823.02 22098.4 4.93978
2.5845 0.213821 0.140105 0.269486 12201.9 9892.97 22094.9 4.91022
2.5855 0.216107 0.137455 0.276707 12121.6 9991.34 22112.9 4.87789
2.5865 0.212685 0.141244 0.277381 12044.4 10072.2 22116.6 4.84683
2.5875 0.209684 0.144938 0.268471 11979.9 10177.2 22157.1 4.82087
2.5885 0.207971 0.151977 0.267874 11932.8 10230.2 22162.9 4.80191
2.5895 0.207611 0.151007 0.269465 11900.6 10238.5 22139.1 4.78898
2.5905 0.206061 0.148331 0.271531 11875.8 10262 22137.7 4.77898
2.5915 0.206874 0.15244 0.272925 11850.5 10280.1 22130.5 4.7688
2.5925 0.211577 0.150744 0.275973 11820.4 10297.1 22117.5 4.7567
2.5935 0.217903 0.146149 0.277737 11785.3 10352.3 22137.7 4.7426
2.5945 0.214985 0.14708 0.281307 11747.7 10409 22156.7 4.72744
2.5955 0.212969 0.148226 0.279849 11710.5 10457 22167.5 4.71246
2.5965 0.210769 0.152366 0.285254 11675.9 10490.5 22166.3 4.69853
2.5975 0.213002 0.151871 0.286399 11645.6 10532.6 22178.2 4.68636
2.5985 0.215861 0.152128 0.284528 11621.7 10570.7 22192.5 4.67675
2.5995 0.219041 0.157316 0.283904 11607.5 10572 22179.5 4.67101
2.6005 0.218648 0.157671 0.287163 11607.2 10570 22177.2 4.67089
2.6015 0.221219 0.158473 0.285789 11624.9 10545.2 22170.1 4.67803
2.6025 0.22406 0.160712 0.28655 11662.3 10520.8 22183.1 4.69308
2.6035 0.225066 0.156273 0.290911 11716.6 10451 22167.6 4.71492
2.6045 0.228827 0.156325 0.292751 11780.4 10388.2 22168.6 4.7406
2.6055 0.232794 0.157076 0.290589 11844.2 10318.3 22162.5 4.76627
2.6065 0.232126 0.163057 0.293396 11898.5 10253.2 22151.7 4.78815
2.6075 0.235204 0.159949 0.291486 11936.3 10226 22162.4 4.80336
2.6085 0.235369 0.160815 0.286916 11953.8 10228.8 22182.6 4.81038
2.6095 0.234327 0.15788 0.285603 11950.6 10227.3 22177.9 4.80908
2.6105 0.231119 0.159152 0.289589 11929.2 10251.2 22180.4 4.80047
2.6115 0.22491 0.159497 0.291841 11894.6 10329.8 22224.4 4.78656
2.6125 0.221698 0.160099 0.292479 11853.8 10370.7 22224.5 4.77013
2.6135 0.217237 0.161071 0.291857 11814.7 10414.6 22229.3 4.75443
2.6145 0.212525 0.156723 0.293129 11785.7 10454.5 22240.1 4.74273
2.6155 0.216993 0.158865 0.297106 11773.2 10483.7 22256.8 4.73769
2.6165 0.214469 0.163615 0.297056 11780.6 10482.2 22262.8 4.74068
2.6175 0.21691 0.161647 0.298172 11807.9 10458.4 22266.3 4.75166
2.6185 0.216317 0.162464 0.294454 11852.7 10421.8 22274.5 4.76971
2.6195 0.217056 0.160533 0.295668 11912.1 10351.8 22263.8 4.79359
2.6205 0.213426 0.15989 0.298011 11983.2 10269.9 22253.1 4.82222
2.6215 0.212578 0.157421 0.296912 12063.9 10186.9 22250.8 4.85468
2.6225 0.214401 0.150371 0.298566 12151.6 10106.2 22257.8 4.88997
2.6235 0.212925 0.148874 0.301464 12242.9 10013.7 22256.6 4.92672
2.6245 0.209668 0.1478 0.302617 12333.1 9896 22229.1 4.96301
2.6255 0.210763 0.14758 0.304111 12416.3 9802.11 22218.4 4.9965
2.6265 0.208926 0.144185 0.302918 12486.4 9729.49 22215.9 5.02471
2.6275 0.204929 0.154083 0.300597 12538.1 9669.47 22207.6 5.04552
2.6285 0.205888 0.153383 0.301274 12567.9 9645.67 22213.6 5.0575
2.6295 0.206249 0.158531 0.30602 12575.2 9652.62 22227.8 5.06043
2.6305 0.205435 0.161761 0.306976 12562.6 9664.1 22226.7 5.05538
2.6315 0.209602 0.158314 0.308749 12535.6 9710.25 22245.8 5.04449
2.6325 0.211305 0.155945 0.306736 12500.8 9722.57 22223.4 5.03051
2.6335 0.21035 0.154715 0.308073 12464.7 9771.74 22236.5 5.01599
2.6345 0.208949 0.152982 0.308819 12432.1 9806.81 22238.9 5.00287
2.6355 0.205564 0.155977 0.310721 12405.9 9855.58 22261.4 4.9923
2.6365 0.204894 0.156356 0.31326 12387.5 9862.16 22249.6 4.9849
2.6375 0.207646 0.154408 0.313209 12378.6 9856.83 22235.4 4.98133
2.6385 0.211271 0.15447 0.315052 12381.4 9842.21 22223.6 4.98245
2.6395 0.209856 0.157052 0.318008 12398.3 9818.17 22216.5 4.98926
2.6405 0.207774 0.157448 0.320377 12430.6 9770.46 22201.1 5.00225
2.6415 0.208723 0.154205 0.323988 12477.4 9702.23 22179.6 5.02109
2.6425 0.20971 0.159954 0.324624 12535 9614.94 22149.9 5.04425
2.6435 0.209813 0.159508 0.326981 12597.8 9549.65 22147.5 5.06955
2.6445 0.212783 0.158101 0.323336 12660.2 9476.53 22136.7 5.09463
2.6455 0.211645 0.158228 0.321084 12716.8 9419.81 22136.6 5.11743
2.6465 0.210065 0.153047 0.320782 12763.3 9395.78 22159.1 5.13614
2.6475 0.20969 0.155153 0.319037 12795.7 9364.54 22160.2 5.14916
2.6485 0.209693 0.152977 0.319087 12810.5 9324.69 22135.2 5.15514
2.6495 0.208556 0.150682 0.320496 12805.8 9328.33 22134.1 5.15323
2.6505 0.206865 0.152173 0.323126 12781.7 9383.18 22164.9 5.14356
2.6515 0.208182 0.153843 0.317397 12741.2 9425.04 22166.2 5.12724
2.6525 0.212212 0.154328 0.317648 12688.4 9481.43 22169.8 5.106
2.6535 0.210744 0.152267 0.322601 12628.5 9527.24 22155.7 5.08188
2.6545 0.216369 0.150435 0.326732 12566 9583.82 22149.8 5.05674
2.6555 0.217947 0.155018 0.326539 12505 9626.99 22132 5.0322
2.6565 0.217975 0.155614 0.324283 12448.6 9673.97 22122.6 5.0095
2.6575 0.215995 0.154641 0.325331 12398.8 9734.5 22133.3 4.98945
2.6585 0.220387 0.154658 0.328716 12356.3 9755.67 22111.9 4.97234
2.6595 0.217569 0.150828 0.326005 12320.2 9784.56 22104.8 4.95783
2.6605 0.208012 0.15351 0.323854 12288.5 9792.44 22080.9 4.94507
2.6615 0.212023 0.150225 0.325393 12258.1 9832.35 22090.4 4.93283
2.6625 0.211465 0.149311 0.325949 12225.8 9858.64 22084.4 4.91983
2.6635 0.206748 0.148965 0.329427 12189.3 9890.29 22079.6 4.90515
2.6645 0.211547 0.151792 0.331459 12148 9939.88 22087.9 4.88855
2.6655 0.217398 0.15393 0.328455 12103.3 9966.75 22070.1 4.87056
2.6665 0.221305 0.156503 0.333124 12058.6 10015.2 22073.8 4.85254
2.6675 0.224992 0.153849 0.332758 12018.7 10037.3 22056 4.83649
2.6685 0.228662 0.156187 0.330981 11989.3 10056.2 22045.4 4.82466
2.6695 0.23283 0.160004 0.330069 11974.6 10080.3 22054.9 4.81876
2.6705 0.234438 0.159427 0.328989 11975.8 10082.6 22058.4 4.81923
2.6715 0.232229 0.158202 0.328809 11990.2 10070.5 22060.7 4.82504
2.6725 0.232259 0.159079 0.326529 12013 10053.5 22066.5 4.83422
2.6735 0.234037 0.160859 0.324163 12039.5 10044.9 22084.4 4.84487
2.6745 0.230315 0.163165 0.327106 12066.2 10025.4 22091.5 4.8556
2.6755 0.226532 0.16478 0.329438 12091 9994.59 22085.6 4.86558
2.6765 0.22834 0.169173 0.331625 12113.2 9982.97 22096.2 4.87455
2.6775 0.23134 0.174843 0.325541 12132.9 9957.37 22090.3 4.88245
2.6785 0.231596 0.174711 0.328006 12150.1 9924.77 22074.8 4.88936
2.6795 0.237044 0.176473 0.329427 12164.4 9896.14 22060.6 4.89515
2.6805 0.234025 0.180931 0.329714 12174.9 9882.11 22057 4.89934
2.6815 0.232115 0.174993 0.330686 12179.2 9892.02 22071.2 4.90107
2.6825 0.23647 0.171074 0.330132 12174.4 9888.39 22062.8 4.89917
2.6835 0.235965 0.169016 0.325427 12158 9908.36 22066.4 4.89255
2.6845 0.235617 0.168478 0.330576 12128.3 9938.03 22066.3 4.88061
2.6855 0.236933 0.166634 0.329993 12085.9 9981.74 22067.6 4.86352
2.6865 0.241854 0.167473 0.333393 12033.7 10037.5 22071.2 4.84253
2.6875 0.244962 0.16767 0.334416 11977.4 10087.9 22065.3 4.81989
2.6885 0.249121 0.165617 0.340552 11924.6 10145.6 22070.3 4.79865
2.6895 0.247883 0.165729 0.34349 11883.3 10207.2 22090.5 4.78203
2.6905 0.247442 0.166407 0.348391 11860.6 10227.7 22088.3 4.77286
2.6915 0.24898 0.165287 0.351895 11860.3 10243.4 22103.7 4.77275
2.6925 0.253265 0.164135 0.356123 11882.8 10199.5 22082.3 4.78181
2.6935 0.24847 0.161477 0.360404 11924.8 10181.2 22106 4.79872
2.6945 0.246831 0.156038 0.363569 11980.9 10134.5 22115.4 4.8213
2.6955 0.244734 0.156485 0.364292 12045.4 10084.3 22129.7 4.84724
2.6965 0.245994 0.16075 0.357201 12112.8 10031 22143.7 4.87436
2.6975 0.248383 0.163681 0.359236 12178.8 9949.46 22128.2 4.90092
2.6985 0.252519 0.164271 0.356426 12239.9 9887.19 22127 4.92549
2.6995 0.255458 0.162258 0.357451 12293.5 9835.91 22129.4 4.94708
2.7005 0.25751 0.165441 0.360307 12338 9794.98 22133 4.965
2.7015 0.257391 0.16327 0.357689 12372.4 9767.67 22140.1 4.97885
2.7025 0.258167 0.163901 0.356551 12396.6 9717.39 22114 4.98856
2.7035 0.261542 0.160978 0.351862 12410.7 9699.76 22110.5 4.99425
2.7045 0.259135 0.157813 0.354887 12415.7 9676.96 22092.7 4.99627
2.7055 0.260647 0.157109 0.360424 12412.9 9698.96 22111.8 4.99512
2.7065 0.258472 0.158927 0.360509 12403.8 9698.54 22102.3 4.99145
2.7075 0.258831 0.159148 0.360209 12390.2 9744.18 22134.3 4.98598
2.7085 0.258825 0.160054 0.358912 12373.7 9753.54 22127.2 4.97935
2.7095 0.260566 0.160349 0.361639 12355.8 9766.6 22122.4 4.97217
2.7105 0.26441 0.161844 0.360271 12337.9 9797.65 22135.6 4.96497
2.7115 0.263577 0.163004 0.358797 12321 9800.35 22121.3 4.95814
2.7125 0.259327 0.161479 0.364465 12305.7 9784.76 22090.4 4.95198
2.7135 0.264774 0.157593 0.371771 12292.5 9802.71 22095.2 4.94666
2.7145 0.264078 0.16284 0.375889 12281 9834.39 22115.4 4.94204
2.7155 0.263107 0.160912 0.379503 12270.3 9831.92 22102.2 4.93775
2.7165 0.258415 0.158562 0.380451 12259.1 9832.49 22091.6 4.93323
2.7175 0.256845 0.158584 0.374657 12245.7 9831.57 22077.3 4.92785
2.7185 0.2573 0.160327 0.378563 12228.9 9845.93 22074.9 4.92111
2.7195 0.255197 0.157457 0.381319 12208 9871.53 22079.6 4.91269
2.7205 0.262438 0.154755 0.383082 12183 9895.35 22078.4 4.90262
2.7215 0.255416 0.157735 0.380067 12154.9 9919.96 22074.9 4.89131
2.7225 0.252841 0.162756 0.379717 12125.7 9934.94 22060.6 4.87954
2.7235 0.253183 0.165115 0.376908 12097.2 9946.85 22044 4.86808
2.7245 0.25861 0.165712 0.374156 12070.6 9973.39 22044 4.85739
2.7255 0.261933 0.159914 0.369166 12046 10001.6 22047.6 4.84748
2.7265 0.260876 0.159337 0.370428 12022.9 10011.6 22034.5 4.83818
2.7275 0.264137 0.16248 0.367652 12001.2 10028.6 22029.8 4.82946
2.7285 0.264645 0.165154 0.36753 11982 10034.8 22016.8 4.82174
2.7295 0.263021 0.166032 0.369763 11966.5 10045.6 22012.1 4.8155
2.7305 0.263801 0.175797 0.373506 11955.2 10061.6 22016.8 4.81095
2.7315 0.264778 0.177412 0.373561 11947.5 10076.3 22023.9 4.80786
2.7325 0.259391 0.177616 0.373301 11941.7 10078.6 22020.3 4.80553
2.7335 0.261565 0.17447 0.375101 11936.2 10095.9 22032.1 4.80332
2.7345 0.262119 0.174109 0.371223 11930.2 10086.5 22016.8 4.80089
2.7355 0.259738 0.167548 0.370066 11923.6 10081.3 22004.9 4.79822
2.7365 0.261272 0.1725 0.368006 11916.5 10099 22015.6 4.79539
2.7375 0.257115 0.168606 0.369533 11908.7 10110.4 22019.1 4.79223
2.7385 0.261709 0.17193 0.366619 11898.6 10100.2 21998.8 4.78816
2.7395 0.264013 0.177678 0.36857 11884 10116 22000 4.78229
2.7405 0.262873 0.174485 0.367071 11863.1 10110.7 21973.8 4.77389
2.7415 0.255173 0.17459 0.363365 11835.1 10145.9 21981 4.76263
2.7425 0.256169 0.173871 0.365799 11801.3 10195.2 21996.5 4.749
2.7435 0.260873 0.173094 0.369426 11764.5 10239.3 22003.7 4.7342
2.7445 0.256697 0.178539 0.374959 11729 10266.6 21995.5 4.7199
2.7455 0.255664 0.180552 0.379613 11699 10290.5 21989.6 4.70786
2.7465 0.254636 0.186143 0.382268 11678.1 10287.8 21965.9 4.69942
2.7475 0.253551 0.186716 0.385111 11667.5 10299.6 21967.1 4.69518
2.7485 0.251574 0.186261 0.387975 11666.9 10296.6 21963.5 4.69495
2.7495 0.249063 0.183667 0.386823 11674.1 10296.5 21970.6 4.69782
2.7505 0.243094 0.17876 0.390332 11685.5 10286.2 21971.7 4.70241
2.7515 0.242595 0.176979 0.392246 11697.3 10269.5 21966.8 4.70718
2.7525 0.241577 0.174072 0.396872 11706.8 10243.4 21950.2 4.71097
2.7535 0.244655 0.17005 0.397598 11712.3 10253.4 21965.6 4.7132
2.7545 0.24878 0.167175 0.396615 11714.9 10266.3 21981.2 4.71424
2.7555 0.247851 0.165152 0.395758 11717.7 10274.2 21991.9 4.71535
2.7565 0.242186 0.169692 0.395683 11724.4 10280.6 22005 4.71808
2.7575 0.243709 0.172552 0.402706 11737.7 10234.1 21971.8 4.7234
2.7585 0.241595 0.171138 0.402996 11757.1 10222.9 21980 4.73125
2.7595 0.233267 0.170056 0.404298 11780.4 10197.2 21977.6 4.74059
2.7605 0.230915 0.166904 0.402631 11804.1 10186.6 21990.6 4.75012
2.7615 0.223885 0.163858 0.40321 11825.5 10150.8 21976.3 4.75875
2.7625 0.219648 0.164953 0.407917 11843.4 10131.9 21975.2 4.76595
2.7635 0.22008 0.165591 0.411198 11857.2 10131.1 21988.3 4.77149
2.7645 0.218401 0.16711 0.412131 11867.1 10134.3 22001.4 4.77549
2.7655 0.216284 0.172274 0.413405 11873.7 10156.2 22029.9 4.77817
2.7665 0.212595 0.176284 0.414368 11878 10162.5 22040.6 4.7799
2.7675 0.214334 0.175994 0.413846 11881.4 10167.5 22048.9 4.78125
2.7685 0.214637 0.1723 0.411576 11885.7 10152.6 22038.3 4.78299
2.7695 0.21743 0.166713 0.407418 11893.1 10157.2 22050.2 4.78594
2.7705 0.218759 0.167121 0.404239 11905.6 10145.9 22051.4 4.79097
2.7715 0.220235 0.167187 0.403437 11924.7 10111.3 22036 4.79869
2.7725 0.217126 0.171694 0.396092 11951 10095.7 22046.6 4.80924
2.7735 0.218296 0.175701 0.393631 11983.2 10045.6 22028.8 4.82221
2.7745 0.215324 0.179974 0.393974 12019.1 10000.2 22019.2 4.83665
2.7755 0.214567 0.181838 0.399342 12055.2 9977.02 22032.3 4.85121
2.7765 0.215965 0.183578 0.398839 12088.1 9972.56 22060.7 4.86443
2.7775 0.213534 0.183828 0.399895 12114.3 9966.48 22080.8 4.87498
2.7785 0.211259 0.175777 0.395977 12131 9953.3 22084.3 4.88169
2.7795 0.21186 0.178908 0.395984 12136.3 9944.42 22080.7 4.88383
2.7805 0.215933 0.180286 0.389951 12129.8 9971.17 22101 4.8812
2.7815 0.213561 0.181016 0.390455 12112.7 9989.48 22102.2 4.87432
2.7825 0.207813 0.180462 0.38778 12087.4 10004.1 22091.5 4.86413
2.7835 0.206662 0.182272 0.388486 12055.2 10029.1 22084.3 4.8512
2.7845 0.204086 0.186538 0.387681 12015.1 10059.7 22074.8 4.83506
2.7855 0.204731 0.184274 0.380771 11963.8 10122.8 22086.6 4.8144
2.7865 0.199753 0.19081 0.377836 11898.9 10188.9 22087.7 4.78828
2.7875 0.193306 0.193306 0.381735 11821.2 10246.5 22067.7 4.75702
2.7885 0.192135 0.187339 0.385023 11734.7 10323.6 22058.3 4.72222
2.7895 0.196185 0.190114 0.389699 11645 10414.5 22059.5 4.68611
2.7905 0.199511 0.19371 0.391141 11558.1 10522.9 22080.9 4.65113
2.7915 0.199798 0.196185 0.39308 11480 10602.2 22082.1 4.61971
2.7925 0.196875 0.197459 0.394765 11416.6 10669.3 22085.8 4.59419
2.7935 0.196003 0.200826 0.398352 11373.2 10724.6 22097.8 4.57673
2.7945 0.193057 0.205923 0.400722 11353.6 10738.2 22091.8 4.56885
2.7955 0.19368 0.210604 0.403852 11359.3 10742.1 22101.4 4.57113
2.7965 0.190099 0.210466 0.405328 11388.6 10723.3 22111.9 4.58294
2.7975 0.193895 0.215365 0.405466 11437.6 10673 22110.6 4.60267
2.7985 0.198992 0.214121 0.406009 11500.8 10599 22099.8 4.62811
2.7995 0.195335 0.211367 0.403205 11572.1 10502.6 22074.8 4.65679
2.8005 0.191235 0.212366 0.399985 11645.3 10403.2 22048.6 4.68625
2.8015 0.193097 0.214606 0.399351 11713.8 10326.4 22040.2 4.71382
2.8025 0.193153 0.214779 0.403562 11770.2 10275.7 22046 4.73652
2.8035 0.193867 0.21393 0.405794 11807.6 10257.4 22064.9 4.75155
2.8045 0.197142 0.211451 0.40849 11820.7 10259.6 22080.3 4.75683
2.8055 0.195133 0.209008 0.41252 11807.8 10265.4 22073.2 4.75164
2.8065 0.196508 0.209959 0.409539 11770.9 10319 22089.9 4.7368
2.8075 0.192664 0.206917 0.403072 11715.4 10379.4 22094.8 4.71443
2.8085 0.197314 0.209722 0.401263 11648.4 10475 22123.4 4.68748
2.8095 0.202115 0.208647 0.40084 11578 10532.5 22110.5 4.65917
2.8105 0.199204 0.211171 0.403424 11511.7 10620.3 22132 4.63248
2.8115 0.204673 0.206125 0.399884 11455.2 10648.4 22103.6 4.60972
2.8125 0.203632 0.209701 0.396804 11411.8 10689.4 22101.1 4.59226
2.8135 0.203662 0.204487 0.397026 11382.5 10700.9 22083.3 4.58047
2.8145 0.205804 0.205769 0.397846 11366.1 10736.3 22102.4 4.57389
2.8155 0.207621 0.206102 0.400576 11360.3 10732.5 22092.8 4.57153
2.8165 0.206603 0.20837 0.400192 11362.2 10730.5 22092.7 4.57232
2.8175 0.207292 0.209556 0.399854 11369.4 10717.4 22086.8 4.57519
2.8185 0.204466 0.212151 0.397794 11379.9 10722.4 22102.3 4.57942
2.8195 0.204118 0.212598 0.395381 11392.9 10709.4 22102.3 4.58466
2.8205 0.205464 0.213095 0.397467 11408.3 10683.2 22091.5 4.59088
2.8215 0.206314 0.210723 0.395632 11426.4 10654.5 22080.9 4.59816
2.8225 0.208011 0.204376 0.399985 11446.5 10603.4 22050 4.60625
2.8235 0.20657 0.203603 0.398863 11466.7 10572.6 22039.3 4.61436
2.8245 0.206728 0.201637 0.394836 11483.7 10544.9 22028.6 4.6212
2.8255 0.206739 0.203328 0.393837 11494.2 10537.8 22032.1 4.62545
2.8265 0.206509 0.201243 0.396507 11495.8 10549.2 22045 4.62608
2.8275 0.20395 0.202318 0.396249 11487.7 10559.8 22047.5 4.62282
2.8285 0.202728 0.20782 0.393307 11471.3 10560.7 22032.1 4.61624
2.8295 0.201803 0.209108 0.391632 11449.9 10601.2 22051.1 4.60759
2.8305 0.19803 0.206898 0.386852 11427.3 10632.3 22059.5 4.5985
2.8315 0.197472 0.204862 0.384114 11408 10662.3 22070.3 4.59074
2.8325 0.192646 0.205108 0.383162 11396.3 10672.8 22069.1 4.58604
2.8335 0.191237 0.206703 0.386046 11395.8 10681.8 22077.6 4.58585
2.8345 0.191347 0.205557 0.383281 11408.9 10646.2 22055 4.5911
2.8355 0.192652 0.200329 0.387608 11436.1 10607 22043.1 4.60206
2.8365 0.189337 0.198334 0.388795 11475.9 10574.3 22050.2 4.61806
2.8375 0.190933 0.206126 0.391275 11524.5 10526.8 22051.3 4.63763
2.8385 0.18943 0.211143 0.390885 11576.9 10468.3 22045.3 4.65872
2.8395 0.188437 0.212523 0.389848 11627.8 10434 22061.8 4.67919
2.8405 0.191074 0.217536 0.394499 11672.6 10384.4 22057 4.69722
2.8415 0.185031 0.216133 0.395432 11708.4 10352.2 22060.6 4.71163
2.8425 0.180385 0.217135 0.391439 11733.9 10333.8 22067.7 4.72189
2.8435 0.172593 0.215034 0.390862 11749.1 10329.2 22078.3 4.72802
2.8445 0.170999 0.21953 0.393043 11754.8 10299.8 22054.6 4.7303
2.8455 0.172834 0.217703 0.396801 11751.3 10293.8 22045.1 4.72888
2.8465 0.176933 0.217262 0.392702 11738.4 10299.5 22037.9 4.72369
2.8475 0.169729 0.22171 0.392877 11715.4 10350 22065.3 4.71443
2.8485 0.16934 0.225475 0.389605 11682.3 10366.3 22048.6 4.70112
2.8495 0.165296 0.22799 0.3887 11641.1 10417.1 22058.2 4.68454
2.8505 0.165364 0.228381 0.3879 11596 10455.3 22051.2 4.66638
2.8515 0.16363 0.230767 0.384677 11552.5 10500.1 22052.6 4.64889
2.8525 0.159906 0.236464 0.387928 11516.6 10540.8 22057.4 4.63446
2.8535 0.158011 0.235195 0.387124 11493.1 10569 22062.1 4.625
2.8545 0.157512 0.234478 0.383738 11484.9 10576.1 22061 4.62169
2.8555 0.161568 0.227547 0.374798 11492.9 10575.2 22068.1 4.6249
2.8565 0.167311 0.229304 0.374782 11516.5 10527.9 22044.3 4.6344
2.8575 0.164471 0.235085 0.376658 11554.2 10487.7 22041.9 4.64957
2.8585 0.16482 0.242667 0.377248 11604.4 10448.1 22052.6 4.66979
2.8595 0.16338 0.243689 0.378386 11665.7 10380.8 22046.6 4.69446
2.8605 0.1644 0.248355 0.378307 11736.8 10314.6 22051.4 4.72305
2.8615 0.162291 0.251175 0.379972 11815.8 10260.4 22076.3 4.75486
2.8625 0.160217 0.250439 0.377581 11900 10203.6 22103.5 4.78871
2.8635 0.158551 0.249999 0.376225 11984.3 10115.5 22099.8 4.82267
2.8645 0.152368 0.247987 0.37425 12062.7 10023.9 22086.6 4.85419
2.8655 0.149436 0.250278 0.373559 12128 9960.91 22088.9 4.88048
2.8665 0.151553 0.254643 0.376513 12174.2 9926.57 22100.8 4.89908
2.8675 0.153361 0.253918 0.374224 12197.2 9909.44 22106.7 4.90834
2.8685 0.15348 0.256936 0.376179 12195.8 9899.03 22094.9 4.90778
2.8695 0.154761 0.256077 0.378636 12172.3 9905.97 22078.2 4.8983
2.8705 0.156532 0.251236 0.37881 12132.1 9939.26 22071.3 4.88212
2.8715 0.155672 0.250558 0.377251 12083.2 9972.81 22056 4.86245
2.8725 0.155153 0.251897 0.376942 12034.3 10049.2 22083.4 4.84276
2.8735 0.152045 0.246658 0.383545 11992 10084.3 22076.3 4.82576
2.8745 0.154045 0.242761 0.38752 11959.9 10097.5 22057.4 4.81282
2.8755 0.159 0.242243 0.388237 11938 10096.7 22034.8 4.80403
2.8765 0.161958 0.241604 0.387852 11925 10109.7 22034.7 4.7988
2.8775 0.164631 0.240523 0.38418 11919.3 10119 22038.3 4.79652
2.8785 0.169705 0.239545 0.38498 11920.1 10092 22012.2 4.79684
2.8795 0.17217 0.241462 0.385992 11927.4 10097.8 22025.2 4.79976
2.8805 0.168607 0.242692 0.3871 11941.4 10095.9 22037.2 4.80537
2.8815 0.171996 0.241682 0.386618 11962.2 10095.1 22057.4 4.81378
2.8825 0.171221 0.243848 0.382243 11989.7 10059.3 22049.1 4.82484
2.8835 0.173991 0.242815 0.379154 12022.6 10033.5 22056.2 4.83809
2.8845 0.176265 0.244665 0.382087 12058.8 9975.89 22034.7 4.85265
2.8855 0.178652 0.242878 0.384504 12095.1 9944.41 22039.5 4.86723
2.8865 0.182466 0.239202 0.381668 12127.3 9923.95 22051.2 4.8802
2.8875 0.183725 0.241884 0.383703 12151.5 9911.59 22063.1 4.88993
2.8885 0.184176 0.245881 0.385036 12163.9 9906.25 22070.2 4.89493
2.8895 0.176808 0.242414 0.383147 12162.2 9894.84 22057.1 4.89425
2.8905 0.178749 0.239705 0.38395 12145.9 9893.4 22039.3 4.88767
2.8915 0.179894 0.238802 0.385303 12116.7 9931.01 22047.7 4.87594
2.8925 0.178683 0.235932 0.386608 12079.4 9963.63 22043 4.86093
2.8935 0.175211 0.238522 0.386807 12040.7 9984.68 22025.3 4.84534
2.8945 0.17622 0.239617 0.390883 12007.6 10027.4 22034.9 4.83202
2.8955 0.178116 0.24356 0.396194 11985 10071.4 22056.4 4.82294
2.8965 0.182741 0.23903 0.397503 11973.9 10080 22053.9 4.81847
2.8975 0.178984 0.235342 0.399387 11971.8 10076.2 22048 4.81761
2.8985 0.181189 0.231995 0.398211 11974.6 10069.7 22044.3 4.81876
2.8995 0.188173 0.227952 0.398852 11979.7 10080 22059.7 4.82082
2.9005 0.192045 0.225258 0.400296 11986 10059.5 22045.5 4.82333
2.9015 0.189903 0.224794 0.400006 11993.4 10039.2 22032.5 4.8263
2.9025 0.187943 0.226508 0.401944 12001.1 10011.1 22012.2 4.82942
2.9035 0.190787 0.22859 0.403566 12006.8 10006.5 22013.3 4.83171
2.9045 0.19066 0.223585 0.40137 12006.7 10012.6 22019.3 4.83167
2.9055 0.195757 0.22716 0.39839 11997.5 10028.9 22026.3 4.82795
2.9065 0.200646 0.226598 0.394719 11978 10053.2 22031.2 4.82012
2.9075 0.201967 0.227889 0.393544 11950.1 10095.4 22045.5 4.80889
2.9085 0.195204 0.229049 0.393865 11917.9 10131.2 22049.1 4.79593
2.9095 0.196005 0.229405 0.394643 11886 10137 22023 4.78309
2.9105 0.192557 0.225619 0.397879 11857.7 10159.4 22017.1 4.7717
2.9115 0.18797 0.22749 0.398156 11833.8 10186.8 22020.6 4.76209
2.9125 0.180518 0.224252 0.393709 11813.2 10199 22012.2 4.75381
2.9135 0.177293 0.222792 0.397044 11793.2 10217.8 22011 4.74576
2.9145 0.173629 0.225405 0.395427 11770.8 10230.6 22001.4 4.73673
2.9155 0.171431 0.221941 0.396359 11743.4 10271.1 22014.4 4.72569
2.9165 0.169268 0.220262 0.398675 11709.5 10328.7 22038.2 4.71207
2.9175 0.167927 0.222124 0.401619 11669.3 10386.8 22056.1 4.6959
2.9185 0.170117 0.225568 0.399308 11624.8 10423 22047.7 4.67797
2.9195 0.164589 0.226723 0.402873 11579.5 10464.8 22044.3 4.65976
2.9205 0.161721 0.228691 0.407873 11538.6 10491.5 22030.1 4.6433
2.9215 0.164775 0.231173 0.41301 11507.8 10523.5 22031.3 4.6309
2.9225 0.167144 0.231999 0.410189 11492.5 10542.3 22034.9 4.62477
2.9235 0.164375 0.234119 0.411126 11497.5 10526.7 22024.2 4.62675
2.9245 0.17119 0.238758 0.411876 11525.5 10501.1 22026.7 4.63805
2.9255 0.172039 0.237193 0.41171 11578.1 10421.3 21999.4 4.65919
2.9265 0.170697 0.238381 0.408356 11654.3 10349.8 22004.1 4.68985
2.9275 0.1681 0.235898 0.408365 11750.9 10256.8 22007.6 4.72872
2.9285 0.166973 0.241405 0.408441 11861.7 10123.3 21984.9 4.77331
2.9295 0.165749 0.244588 0.408435 11978.2 10015.1 21993.2 4.82018
2.9305 0.161797 0.239719 0.406736 12091.1 9917.42 22008.5 4.86564
2.9315 0.165901 0.237526 0.404995 12192.1 9821.11 22013.2 4.90627
2.9325 0.164137 0.239761 0.407787 12274.3 9732.9 22007.2 4.93936
2.9335 0.170756 0.239601 0.413198 12333.5 9663 21996.5 4.96316
2.9345 0.171575 0.23894 0.410109 12367.6 9640.73 22008.3 4.97691
2.9355 0.174537 0.237485 0.41495 12377.2 9633.6 22010.8 4.98077
2.9365 0.177599 0.234752 0.414042 12364.8 9663.86 22028.7 4.97578
2.9375 0.181953 0.233852 0.413817 12334.7 9683.41 22018.1 4.96367
2.9385 0.184558 0.233551 0.41279 12292.3 9728.22 22020.6 4.94662
2.9395 0.184055 0.237942 0.411375 12243.5 9768.77 22012.3 4.92698
2.9405 0.179402 0.23663 0.404587 12193.5 9855.65 22049.2 4.90686
2.9415 0.178666 0.232906 0.396959 12146.4 9888.51 22034.9 4.88789
2.9425 0.1824 0.232993 0.393589 12104.4 9944.81 22049.2 4.87099
2.9435 0.182061 0.230598 0.389967 12067.5 9999.57 22067 4.85612
2.9445 0.177988 0.227684 0.388306 12033.3 10030.1 22063.4 4.84239
2.9455 0.176694 0.228054 0.386522 11998.2 10072.3 22070.5 4.82825
2.9465 0.172883 0.231558 0.386021 11957.8 10119.7 22077.5 4.81197
2.9475 0.171174 0.230565 0.389417 11908.3 10191.7 22100 4.79207
2.9485 0.171202 0.227648 0.389972 11847.9 10243.8 22091.7 4.76777
2.9495 0.170043 0.235604 0.390141 11777 10313.4 22090.4 4.73924
2.9505 0.168378 0.237538 0.389636 11698.3 10382.7 22081 4.70758
2.9515 0.166454 0.241037 0.391543 11616.8 10480.9 22097.8 4.67478
2.9525 0.166367 0.236829 0.393681 11538.8 10544.8 22083.6 4.64339
2.9535 0.16375 0.235169 0.395256 11471.3 10639.8 22111 4.6162
2.9545 0.166973 0.227128 0.394154 11420.1 10673.2 22093.3 4.59561
2.9555 0.168954 0.229448 0.393617 11389.2 10711.1 22100.4 4.58319
2.9565 0.167875 0.230876 0.39447 11379.8 10713.4 22093.3 4.57942
2.9575 0.168816 0.232425 0.394238 11390.7 10696.6 22087.3 4.58379
2.9585 0.163085 0.230307 0.392555 11419 10664.7 22083.7 4.59516
2.9595 0.16392 0.226754 0.388986 11461.3 10612.8 22074.2 4.61221
2.9605 0.165695 0.227351 0.383885 11514.4 10565.6 22079.9 4.63354
2.9615 0.167601 0.227353 0.384918 11574.5 10520.8 22095.3 4.65775
2.9625 0.163601 0.228573 0.387852 11638.5 10454.4 22092.9 4.68351
2.9635 0.165481 0.224097 0.389481 11703.4 10390.7 22094.1 4.7096
2.9645 0.163359 0.22341 0.391383 11766.7 10317.9 22084.6 4.7351
2.9655 0.163358 0.231441 0.393295 11826.1 10271.6 22097.7 4.75898
2.9665 0.164816 0.233862 0.394117 11878.2 10234.9 22113.1 4.77995
2.9675 0.163366 0.230687 0.397546 11918.8 10176.2 22095.1 4.79632
2.9685 0.162371 0.231405 0.399153 11943.7 10162.1 22105.8 4.8063
2.9695 0.161802 0.236007 0.398517 11949.2 10141 22090.3 4.80855
2.9705 0.160604 0.232253 0.396323 11934.4 10132.2 22066.6 4.80257
2.9715 0.162395 0.232165 0.392601 11901 10173.9 22074.9 4.78914
2.9725 0.163269 0.22671 0.390676 11854.3 10226.7 22081 4.77035
2.9735 0.164219 0.228643 0.384558 11802 10263.6 22065.7 4.7493
2.9745 0.169418 0.228828 0.381752 11753.4 10312.4 22065.8 4.72973
2.9755 0.169846 0.228349 0.380821 11716.8 10351.5 22068.3 4.71502
2.9765 0.171509 0.229099 0.379879 11698.1 10356 22054.1 4.70747
2.9775 0.171581 0.228628 0.378357 11698.5 10376.8 22075.4 4.70766
2.9785 0.1724 0.227567 0.373803 11715.3 10373 22088.3 4.71441
2.9795 0.170407 0.228292 0.375084 11741.7 10350 22091.7 4.72502
2.9805 0.165202 0.22529 0.374067 11768.8 10325.2 22094 4.73594
2.9815 0.16433 0.222486 0.377731 11787.3 10309 22096.2 4.74337
2.9825 0.165549 0.223436 0.37049 11788.5 10305.3 22093.7 4.74386
2.9835 0.167416 0.223659 0.367167 11766.6 10346.1 22112.6 4.73503
2.9845 0.162956 0.222297 0.365904 11720 10382 22102 4.7163
2.9855 0.156981 0.219355 0.36857 11653.1 10441.9 22095 4.68939
2.9865 0.15601 0.218058 0.370297 11576.6 10509.1 22085.7 4.65861
2.9875 0.156507 0.214379 0.372262 11506.5 10576 22082.4 4.63038
2.9885 0.157319 0.212359 0.370796 11459.4 10607.7 22067.1 4.61143
2.9895 0.152842 0.216808 0.366402 11447.1 10604.7 22051.8 4.60647
2.9905 0.151889 0.219549 0.363654 11472 10569.1 22041.1 4.61649
2.9915 0.152037 0.221846 0.363842 11528.6 10511.1 22039.7 4.63927
2.9925 0.151092 0.217854 0.365405 11608.3 10412.3 22020.6 4.67134
2.9935 0.148607 0.219396 0.368422 11703 10319.9 22022.9 4.70948
2.9945 0.144775 0.220332 0.370373 11806.7 10188.8 21995.5 4.75117
2.995 0.144926 0.217228 0.370065 11860.3 10122.1 21982.4 4.77274
