# t(1)   sumvx(2)   sumvy(3)   sumvz(4)    kenergy(5)   penergy(6)   energy(7)   red_temp(8)
1 -0.0930439 -0.0936555 -0.080048 11866.4 10761.5 22627.9 4.77523
1.001 -0.094606 -0.0990469 -0.0784274 11925.8 10718.6 22644.4 4.79911
1.002 -0.095204 -0.0976281 -0.0791605 11993.6 10669.5 22663.1 4.8264
1.003 -0.0966401 -0.0979248 -0.0778813 12056.4 10614.7 22671.2 4.85169
1.004 -0.0958056 -0.0971247 -0.0767285 12103 10569.2 22672.2 4.87042
1.005 -0.09615 -0.0948977 -0.072789 12130.3 10526.6 22656.9 4.8814
1.006 -0.100188 -0.101644 -0.0732191 12148.4 10508.9 22657.3 4.8887
1.007 -0.108326 -0.103451 -0.0722791 12179.1 10469 22648.1 4.90104
1.008 -0.106883 -0.101481 -0.0729235 12244.8 10388 22632.9 4.9275
1.009 -0.106738 -0.101494 -0.0691599 12354.1 10275.1 22629.1 4.97145
1.01 -0.107547 -0.0962489 -0.0686954 12495.2 10125.2 22620.4 5.02824
1.011 -0.106092 -0.0952804 -0.0717115 12643.3 9964.89 22608.2 5.08785
1.012 -0.111694 -0.0925746 -0.0692359 12772.9 9811.23 22584.2 5.14002
1.013 -0.109283 -0.0933802 -0.0664396 12867.3 9726.35 22593.7 5.17799
1.014 -0.108317 -0.0886118 -0.0645103 12920.5 9687.43 22607.9 5.1994
1.015 -0.101472 -0.0855792 -0.0709066 12934.4 9696.27 22630.6 5.20498
1.016 -0.104858 -0.0836327 -0.0799599 12913.4 9712.59 22626 5.19655
1.017 -0.102502 -0.0811725 -0.0797815 12862.4 9775.5 22637.9 5.17601
1.018 -0.100149 -0.0831714 -0.0786314 12785.4 9851.34 22636.7 5.14503
1.019 -0.096295 -0.0807528 -0.0729952 12687 9923.71 22610.7 5.10545
1.02 -0.100078 -0.0779839 -0.0692501 12572.8 10026.1 22598.9 5.05949
1.021 -0.095928 -0.0754125 -0.0723639 12449.5 10156.6 22606.2 5.00988
1.022 -0.0954809 -0.0779719 -0.07583 12324.4 10279.5 22603.9 4.95953
1.023 -0.0945091 -0.0812278 -0.0730386 12204.6 10392.3 22596.8 4.91129
1.024 -0.0891397 -0.0805831 -0.0732698 12096.2 10517.4 22613.6 4.86767
1.025 -0.092324 -0.0760647 -0.0703092 12004.1 10623.7 22627.8 4.83063
1.026 -0.0911949 -0.0746952 -0.0712948 11931.7 10704.6 22636.3 4.80149
1.027 -0.0909545 -0.0777489 -0.0663583 11880.2 10752.5 22632.7 4.78075
1.028 -0.0893857 -0.0734076 -0.0585835 11849.1 10787.1 22636.2 4.76823
1.029 -0.0899074 -0.0758162 -0.0546553 11837 10806.3 22643.3 4.76339
1.03 -0.0903294 -0.0709983 -0.0530057 11842.7 10816 22658.7 4.76569
1.031 -0.0947821 -0.0745783 -0.0526743 11865.1 10784 22649.1 4.7747
1.032 -0.092613 -0.075099 -0.0511436 11902.7 10734.6 22637.3 4.78983
1.033 -0.0920589 -0.0709715 -0.0514607 11952.5 10696.5 22649 4.80984
1.034 -0.093415 -0.070426 -0.0545392 12008.7 10649.6 22658.4 4.83249
1.035 -0.0924888 -0.0713577 -0.0523767 12063.7 10596.8 22660.5 4.85461
1.036 -0.0939164 -0.0759983 -0.0554485 12108.5 10539 22647.5 4.87265
1.037 -0.10112 -0.0743885 -0.0626774 12135.6 10521.2 22656.8 4.88356
1.038 -0.0987468 -0.0737023 -0.0675869 12141.4 10522.5 22663.9 4.88586
1.039 -0.094403 -0.075594 -0.0674257 12127.8 10533.9 22661.7 4.88041
1.04 -0.0924852 -0.075408 -0.0689764 12103.1 10561.2 22664.3 4.87046
1.041 -0.0912521 -0.0735023 -0.0712938 12079 10573.5 22652.5 4.86076
1.042 -0.0915093 -0.0713887 -0.0730267 12066.6 10546.8 22613.4 4.85577
1.043 -0.0927074 -0.0654249 -0.0725222 12072.6 10570.5 22643.1 4.85819
1.044 -0.0961559 -0.0605764 -0.0735207 12098.3 10560.2 22658.5 4.86854
1.045 -0.0941178 -0.0536499 -0.0753379 12140.9 10502.1 22643 4.88569
1.046 -0.090817 -0.0543685 -0.0743625 12196.1 10438.6 22634.7 4.90788
1.047 -0.0920488 -0.0535883 -0.073912 12259.2 10395.6 22654.8 4.93327
1.048 -0.0930829 -0.053772 -0.0776404 12326.1 10305 22631.1 4.9602
1.049 -0.0974078 -0.0532008 -0.0808581 12392.7 10253.7 22646.4 4.98699
1.05 -0.0967074 -0.042367 -0.0811749 12455 10184.3 22639.2 5.01205
1.051 -0.0954676 -0.0438357 -0.080141 12508.7 10138.7 22647.5 5.03368
1.052 -0.0944701 -0.0468782 -0.077054 12550 10102 22652.1 5.05032
1.053 -0.0947405 -0.048709 -0.0779089 12575.3 10074.4 22649.7 5.06049
1.054 -0.0946975 -0.0513878 -0.0832801 12581.9 10082.1 22663.9 5.06312
1.055 -0.0918453 -0.0512037 -0.0863268 12569.1 10083 22652.1 5.05798
1.056 -0.0878818 -0.0560629 -0.0868914 12538.9 10101.4 22640.3 5.04583
1.057 -0.0867651 -0.0630344 -0.0875781 12495.9 10156.3 22652.2 5.02855
1.058 -0.0882413 -0.0636886 -0.0888865 12446.6 10228.4 22674.9 5.00868
1.059 -0.0859954 -0.0642608 -0.0900784 12397 10289.8 22686.8 4.98874
1.06 -0.0905578 -0.0638212 -0.0851936 12352.2 10359.6 22711.8 4.97069
1.061 -0.091382 -0.0644429 -0.0862436 12314.4 10415.2 22729.6 4.9555
1.062 -0.0901327 -0.0581923 -0.0827718 12283.7 10445.8 22729.5 4.94314
1.063 -0.0864716 -0.057291 -0.0859351 12258.4 10481.7 22740.2 4.93297
1.064 -0.0859718 -0.0515387 -0.0870223 12236.8 10498.6 22735.4 4.92425
1.065 -0.084671 -0.049145 -0.0935369 12217.6 10482.2 22699.8 4.91654
1.066 -0.0839462 -0.0527651 -0.0878034 12201.5 10478.1 22679.6 4.91005
1.067 -0.0799541 -0.0541255 -0.090714 12190.3 10496.5 22686.8 4.90555
1.068 -0.0773163 -0.0558708 -0.090075 12186.7 10509.6 22696.2 4.90409
1.069 -0.0738459 -0.0577972 -0.0860639 12192.6 10527.5 22720.1 4.90648
1.07 -0.0728788 -0.0575416 -0.0851922 12208.5 10497.3 22705.8 4.91289
1.071 -0.0753024 -0.0575225 -0.0833726 12232.6 10448.3 22680.9 4.92259
1.072 -0.0781748 -0.0569942 -0.0834718 12261.4 10425.4 22686.8 4.93416
1.073 -0.0770895 -0.0566623 -0.0811162 12290.6 10396.1 22686.7 4.94592
1.074 -0.075105 -0.0616844 -0.0827794 12316.6 10377.2 22693.8 4.95639
1.075 -0.072535 -0.064635 -0.0836024 12337.2 10360.1 22697.3 4.96469
1.076 -0.0729132 -0.0596797 -0.0837579 12352.2 10348.6 22700.8 4.97071
1.077 -0.0732133 -0.0594089 -0.0778909 12363.3 10321.1 22684.4 4.97518
1.078 -0.0746319 -0.0579631 -0.0745955 12373.7 10285.8 22659.5 4.97937
1.079 -0.0739954 -0.0594928 -0.0731335 12387.5 10280.4 22667.9 4.98489
1.08 -0.0747068 -0.0583694 -0.0697784 12407.9 10254.1 22662 4.99312
1.081 -0.0733981 -0.0591094 -0.0728016 12436.4 10245.7 22682.1 5.00459
1.082 -0.0752888 -0.0582416 -0.0716963 12471.2 10214.5 22685.7 5.01859
1.083 -0.0762854 -0.0594852 -0.0672212 12507.4 10156.9 22664.3 5.03315
1.084 -0.0742531 -0.0602307 -0.0675931 12538.6 10119.6 22658.3 5.04573
1.085 -0.0711851 -0.0561204 -0.0683074 12558.8 10081.6 22640.4 5.05386
1.086 -0.0712805 -0.0578829 -0.0646386 12563.6 10054.2 22617.8 5.05578
1.087 -0.0723982 -0.0622679 -0.0597587 12551.4 10049.9 22601.3 5.05088
1.088 -0.0715046 -0.0697027 -0.0508332 12523.6 10077.8 22601.3 5.03967
1.089 -0.0668898 -0.070527 -0.0576015 12483.3 10120.5 22603.8 5.02346
1.09 -0.0644789 -0.0691764 -0.0646892 12434.7 10178.6 22613.3 5.00391
1.091 -0.0669584 -0.0692967 -0.0627589 12381.2 10226.1 22607.3 4.98238
1.092 -0.0662718 -0.0685471 -0.0578122 12324.7 10299.4 22624.1 4.95963
1.093 -0.0629101 -0.0733078 -0.0619335 12265.8 10365.3 22631.1 4.93593
1.094 -0.0629101 -0.0730803 -0.0644813 12205.1 10404.7 22609.9 4.91153
1.095 -0.0616102 -0.0761473 -0.0680509 12144.1 10440.8 22585 4.88698
1.096 -0.0614853 -0.0851252 -0.0672913 12086 10495.5 22581.5 4.86358
1.097 -0.0607681 -0.086838 -0.0673399 12035.5 10555.7 22591.1 4.84324
1.098 -0.059248 -0.0874796 -0.0639782 11998.3 10592.9 22591.2 4.8283
1.099 -0.0583668 -0.090106 -0.0635552 11980.3 10619.3 22599.6 4.82105
1.1 -0.0571594 -0.0906152 -0.0647192 11985.8 10617.5 22603.3 4.82324
1.101 -0.0567417 -0.0868213 -0.0653787 12016.8 10597.1 22613.9 4.83572
1.102 -0.0584688 -0.0903614 -0.0644369 12072.6 10567.3 22639.9 4.85821
1.103 -0.0508018 -0.0927664 -0.0604515 12150 10495.9 22645.9 4.88934
1.104 -0.0462899 -0.0924783 -0.0599732 12243.4 10372.8 22616.1 4.92691
1.105 -0.0433044 -0.0923486 -0.0563192 12345.7 10259.5 22605.3 4.9681
1.106 -0.0422883 -0.0933315 -0.0513463 12449.4 10157.1 22606.5 5.00982
1.107 -0.0458055 -0.0964938 -0.0491753 12546.4 10070.6 22617 5.04887
1.108 -0.0458484 -0.0960127 -0.046464 12629.3 10004.2 22633.5 5.08221
1.109 -0.0420923 -0.0944449 -0.0472484 12691.7 9939.33 22631 5.10732
1.11 -0.0430851 -0.0962894 -0.0464067 12729.2 9882.87 22612 5.1224
1.111 -0.040935 -0.0916374 -0.0481935 12739.8 9886.5 22626.3 5.12667
1.112 -0.04075 -0.0916635 -0.0512919 12724.3 9887.81 22612.1 5.12045
1.113 -0.0355706 -0.0926954 -0.0539064 12686 9922.65 22608.6 5.10501
1.114 -0.0327754 -0.0919213 -0.0555234 12629.8 9995.52 22625.3 5.08242
1.115 -0.0291643 -0.0917077 -0.058414 12562.2 10057.3 22619.5 5.05522
1.116 -0.0231953 -0.0949724 -0.0579324 12490 10102.3 22592.3 5.02614
1.117 -0.0228119 -0.0927091 -0.0610819 12419.5 10162.2 22581.7 4.99779
1.118 -0.0227995 -0.0938985 -0.0623212 12356 10220.9 22576.9 4.97224
1.119 -0.0206842 -0.0941679 -0.0656629 12302.9 10269.3 22572.2 4.95086
1.12 -0.0204425 -0.0862558 -0.0626364 12261.7 10309.3 22571 4.93427
1.121 -0.013876 -0.0884111 -0.0607061 12232.7 10347.8 22580.4 4.9226
1.122 -0.0159073 -0.0864325 -0.0631123 12215.2 10358 22573.2 4.91559
1.123 -0.0131779 -0.082274 -0.0593214 12207.8 10364.2 22572 4.91259
1.124 -0.0120907 -0.0812199 -0.0552464 12207.3 10363.5 22570.7 4.91239
1.125 -0.00808668 -0.0838528 -0.0536919 12209.3 10337.6 22546.9 4.91322
1.126 -0.0112605 -0.0866871 -0.0619612 12208.5 10364.3 22572.9 4.91288
1.127 -0.00912142 -0.0849171 -0.0627832 12200.2 10373.9 22574 4.90952
1.128 -0.00837994 -0.088074 -0.0631647 12182.5 10399.8 22582.3 4.90241
1.129 -0.00507164 -0.09009 -0.0654087 12157.9 10392.5 22550.4 4.89252
1.13 -0.009727 -0.0900098 -0.0647326 12132.4 10414.6 22546.9 4.88224
1.131 -0.00531816 -0.0914632 -0.0631161 12111.8 10437.6 22549.4 4.87396
1.132 -0.00063324 -0.0959951 -0.0672407 12099 10449.2 22548.2 4.86881
1.133 0.00119257 -0.0963007 -0.0678053 12093.2 10436 22529.2 4.86646
1.134 0.00451517 -0.0998226 -0.0657616 12091.4 10429.3 22520.7 4.86577
1.135 -0.000154972 -0.0963398 -0.0645399 12091.4 10392.6 22484 4.86575
1.136 0.00139999 -0.0928217 -0.0619717 12092 10400.3 22492.3 4.86598
1.137 -0.000520706 -0.0914351 -0.0592871 12093.3 10390.6 22483.9 4.86653
1.138 0.000230789 -0.0920841 -0.060627 12096.2 10404.4 22500.6 4.86769
1.139 -0.00173187 -0.091839 -0.059902 12101.1 10401.8 22503 4.86968
1.14 -0.00263834 -0.0946292 -0.0591795 12108.2 10396 22504.1 4.8725
1.141 -0.00422764 -0.0918071 -0.0578272 12116.7 10379.1 22495.8 4.87593
1.142 -0.00584698 -0.0980229 -0.0539258 12126.2 10386.2 22512.4 4.87974
1.143 -0.00731659 -0.103965 -0.0519822 12136.8 10399.3 22536.1 4.88402
1.144 -0.00778389 -0.102436 -0.053242 12149.9 10388.6 22538.6 4.8893
1.145 -0.00326252 -0.108758 -0.0555441 12167.6 10374.5 22542.2 4.89643
1.146 -0.00729895 -0.108523 -0.0568259 12192 10375.2 22567.1 4.90622
1.147 -0.00762129 -0.104956 -0.0520527 12223.7 10350.6 22574.3 4.91899
1.148 -0.0111175 -0.104405 -0.0531561 12262.1 10297.8 22559.9 4.93446
1.149 -0.0070467 -0.0994071 -0.055897 12304.6 10262.3 22566.9 4.95154
1.15 -0.0088954 -0.0965005 -0.0594018 12347.2 10228 22575.2 4.96869
1.151 -0.0135765 -0.0892965 -0.0544848 12385.8 10177.5 22563.3 4.98423
1.152 -0.0105963 -0.0913908 -0.0518613 12417.1 10149.7 22566.8 4.99681
1.153 -0.0117898 -0.0871127 -0.0498068 12438.9 10148.1 22587 5.0056
1.154 -0.0131607 -0.085186 -0.0513037 12450.8 10146.9 22597.7 5.01038
1.155 -0.015408 -0.0874312 -0.0504813 12453 10132.8 22585.8 5.01129
1.156 -0.00976419 -0.0924132 -0.0495925 12446.5 10144.1 22590.6 5.00865
1.157 -0.0121117 -0.0902226 -0.0484576 12432.3 10157.1 22589.3 5.00293
1.158 -0.011739 -0.0950521 -0.0460868 12412.2 10193.7 22605.9 4.99485
1.159 -0.00775552 -0.0989087 -0.0472388 12388.9 10200.4 22589.4 4.98549
1.16 -0.00865197 -0.101482 -0.0479684 12365.2 10231.3 22596.6 4.97595
1.161 -0.00973439 -0.0993941 -0.0437142 12343.1 10257.1 22600.2 4.96705
1.162 -0.00840831 -0.0992852 -0.0443894 12322.8 10264.2 22587.1 4.95888
1.163 -0.0112884 -0.103354 -0.0471064 12303 10288.7 22591.7 4.9509
1.164 -0.0156217 -0.102683 -0.0482233 12281.4 10312.7 22594.1 4.94222
1.165 -0.0170398 -0.109296 -0.0483655 12256.3 10335.3 22591.6 4.93212
1.166 -0.0182195 -0.112883 -0.0501164 12226.8 10364.8 22591.6 4.92022
1.167 -0.0153047 -0.113689 -0.0477322 12192.5 10421.6 22614.1 4.90645
1.168 -0.00998795 -0.108844 -0.0443646 12153.7 10477.1 22630.8 4.89083
1.169 -0.00539505 -0.11064 -0.0439034 12111.1 10542.3 22653.4 4.87369
1.17 -0.00589764 -0.111557 -0.0444083 12066.5 10575 22641.5 4.85575
1.171 0.00137889 -0.113835 -0.0485373 12022.8 10631.9 22654.7 4.83813
1.172 0.00540245 -0.114016 -0.0512412 11983.1 10677.6 22660.7 4.82217
1.173 0.00735474 -0.117652 -0.0529673 11951 10696.7 22647.7 4.80925
1.174 0.010746 -0.115835 -0.0545976 11929.5 10715.9 22645.3 4.80059
1.175 0.011879 -0.111493 -0.0530322 11920.2 10729.8 22650.1 4.79687
1.176 0.00772953 -0.11445 -0.0576708 11923 10729.5 22652.4 4.79798
1.177 0.0076732 -0.125281 -0.0614457 11934.9 10719.8 22654.8 4.80279
1.178 0.015211 -0.125629 -0.0635819 11951.6 10695.8 22647.5 4.80952
1.179 0.0136852 -0.125827 -0.0659118 11968 10671.1 22639.2 4.81611
1.18 0.0196457 -0.126897 -0.0662904 11979.7 10655.9 22635.6 4.8208
1.181 0.0247889 -0.133573 -0.0632081 11984.1 10663.4 22647.5 4.82256
1.182 0.0272226 -0.135155 -0.0599818 11981.1 10670 22651.1 4.82137
1.183 0.030014 -0.137715 -0.0576144 11973.1 10656.7 22629.8 4.81816
1.184 0.032692 -0.135067 -0.0561639 11963.8 10655.3 22619.1 4.8144
1.185 0.0327519 -0.141165 -0.0558621 11956.6 10648.3 22604.9 4.81151
1.186 0.0379332 -0.141632 -0.057582 11953.3 10648 22601.4 4.81019
1.187 0.036209 -0.141325 -0.0597267 11953.8 10674.8 22628.7 4.8104
1.188 0.0329579 -0.138947 -0.0589839 11956.6 10667.3 22623.9 4.81151
1.189 0.0311345 -0.135592 -0.0574556 11959.2 10678.9 22638 4.81255
1.19 0.0316828 -0.134904 -0.0584071 11958.9 10689.8 22648.7 4.81242
1.191 0.0322776 -0.138524 -0.0579708 11953.4 10668 22621.3 4.8102
1.192 0.0323949 -0.135097 -0.0618 11942.1 10668.7 22610.7 4.80566
1.193 0.0339 -0.136623 -0.0591353 11926.6 10679.5 22606 4.79942
1.194 0.0274041 -0.138052 -0.0586417 11910.4 10692 22602.5 4.79292
1.195 0.0225244 -0.139812 -0.0582235 11898.1 10690.2 22588.3 4.78798
1.196 0.0251505 -0.137683 -0.0514153 11893.2 10698.8 22591.9 4.78598
1.197 0.0255663 -0.134475 -0.0530133 11896.9 10689 22585.9 4.78749
1.198 0.0309241 -0.132755 -0.0508947 11908.3 10685.9 22594.2 4.79208
1.199 0.0330393 -0.131034 -0.0511029 11924.7 10684.9 22609.6 4.79869
1.2 0.0345364 -0.125459 -0.0482728 11943.4 10667.4 22610.7 4.80618
1.201 0.0379584 -0.121852 -0.0509412 11962.1 10639 22601.2 4.81374
1.202 0.0401659 -0.131518 -0.0528891 11980 10620 22600 4.82093
1.203 0.0425081 -0.135932 -0.051522 11996.6 10612.9 22609.5 4.82762
1.204 0.0416479 -0.141154 -0.0526865 12011.5 10595.7 22607.1 4.83358
1.205 0.0423193 -0.141933 -0.0537202 12023.2 10576.8 22599.9 4.8383
1.206 0.0396318 -0.141741 -0.0566111 12029.7 10575 22604.7 4.84092
1.207 0.0382204 -0.14652 -0.0590677 12028.3 10583.4 22611.8 4.84037
1.208 0.0392475 -0.144882 -0.0617275 12017.1 10608.9 22626 4.83584
1.209 0.0376 -0.143848 -0.0641136 11995.5 10623.4 22618.9 4.82717
1.21 0.0358014 -0.137851 -0.0658674 11965.8 10660.3 22626.1 4.81519
1.211 0.032568 -0.137996 -0.0685539 11932.3 10705.7 22638.1 4.80173
1.212 0.0350747 -0.134933 -0.070997 11901.3 10745.2 22646.5 4.78926
1.213 0.0421681 -0.1361 -0.0751946 11878.8 10742.9 22621.7 4.78019
1.214 0.0429106 -0.13854 -0.0790536 11868.2 10751 22619.2 4.77593
1.215 0.046494 -0.138639 -0.0804708 11869.7 10747.1 22616.9 4.77655
1.216 0.0498633 -0.138771 -0.0781167 11880.2 10737.7 22617.9 4.78077
1.217 0.0517182 -0.141834 -0.0785165 11895.8 10718.6 22614.3 4.78702
1.218 0.0488391 -0.142405 -0.0787406 11913.4 10712.7 22626.1 4.79414
1.219 0.0517049 -0.14025 -0.083246 11932.3 10704.6 22636.9 4.80172
1.22 0.0543394 -0.141724 -0.0873265 11952.5 10672.5 22625 4.80988
1.221 0.053524 -0.140257 -0.0859601 11975 10644 22619.1 4.81892
1.222 0.0534368 -0.1375 -0.0825982 12000 10636.9 22636.9 4.82899
1.223 0.0531812 -0.142455 -0.0808997 12027.1 10611 22638.1 4.83988
1.224 0.04778 -0.143637 -0.0787948 12055 10600.9 22655.9 4.85109
1.225 0.0462646 -0.140134 -0.0780586 12081.5 10587.3 22668.9 4.86178
1.226 0.0464439 -0.135912 -0.0771065 12104.1 10563.5 22667.7 4.87088
1.227 0.0451379 -0.134751 -0.0770635 12119.9 10546.6 22666.5 4.87722
1.228 0.0434003 -0.137709 -0.0732402 12126.4 10537.6 22664 4.87985
1.229 0.0422578 -0.136563 -0.0718021 12122.6 10547.3 22669.9 4.8783
1.23 0.045301 -0.13865 -0.0755596 12109 10559.8 22668.8 4.87283
1.231 0.044416 -0.138202 -0.074132 12088.3 10587.6 22676 4.86453
1.232 0.0437412 -0.14067 -0.0711518 12064.6 10624.5 22689.1 4.85496
1.233 0.0468426 -0.139941 -0.0677614 12041.9 10615.2 22657.1 4.84583
1.234 0.0501447 -0.141265 -0.0653697 12023.2 10613.6 22636.8 4.83831
1.235 0.0463047 -0.14834 -0.0704322 12009.5 10636.9 22646.3 4.83278
1.236 0.0456653 -0.15343 -0.0710341 11999.6 10640.7 22640.4 4.82883
1.237 0.0404067 -0.156191 -0.0660416 11991.8 10624.8 22616.6 4.82568
1.238 0.0434895 -0.158508 -0.0604092 11984 10642 22626 4.82253
1.239 0.0461125 -0.15684 -0.0611063 11975.1 10661.6 22636.7 4.81894
1.24 0.0440805 -0.155699 -0.0599768 11965.4 10666.5 22632 4.81507
1.241 0.0507772 -0.157365 -0.0594604 11957.8 10689.6 22647.5 4.812
1.242 0.0538299 -0.15557 -0.0579872 11957.5 10693.7 22651.2 4.81187
1.243 0.0564623 -0.153162 -0.0560682 11971.7 10676 22647.7 4.81757
1.244 0.0588837 -0.151847 -0.0471585 12007.8 10615.1 22622.8 4.8321
1.245 0.0600896 -0.148268 -0.0395656 12069.2 10571.3 22640.6 4.85684
1.246 0.0655264 -0.143707 -0.0422173 12152.5 10490.3 22642.8 4.89035
1.247 0.070783 -0.145965 -0.0409291 12247.4 10379.8 22627.2 4.92853
1.248 0.0677389 -0.138842 -0.0378768 12341.1 10270.5 22611.6 4.96623
1.249 0.0661987 -0.140739 -0.0335429 12422.5 10193.8 22616.3 4.99898
1.25 0.0673717 -0.139673 -0.0364234 12484.5 10133 22617.5 5.02396
1.251 0.0677371 -0.137355 -0.0391004 12524.7 10083.4 22608 5.0401
1.252 0.0682197 -0.137196 -0.0360465 12544.1 10049.7 22593.8 5.04793
1.253 0.0666699 -0.134764 -0.0379453 12547 10041 22588 5.04908
1.254 0.0654253 -0.129813 -0.0365191 12538.7 10039.8 22578.5 5.04577
1.255 0.0640206 -0.127198 -0.0368237 12524.6 10065.9 22590.4 5.04007
1.256 0.062992 -0.129453 -0.0347276 12507.4 10103.2 22610.6 5.03317
1.257 0.0638838 -0.126448 -0.0340397 12487.3 10132.8 22620 5.02506
1.258 0.0651751 -0.125311 -0.0334096 12461.7 10150 22611.6 5.01475
1.259 0.0626983 -0.123217 -0.0307422 12427.3 10196.2 22623.5 5.00094
1.26 0.0671019 -0.125099 -0.0309277 12382.1 10233.1 22615.2 4.98274
1.261 0.0656399 -0.11742 -0.0290706 12326.6 10302.8 22629.4 4.96041
1.262 0.0654697 -0.115828 -0.0261128 12264.5 10356.8 22621.2 4.9354
1.263 0.0679321 -0.119889 -0.0271151 12201.3 10408.2 22609.5 4.90997
1.264 0.0671191 -0.119803 -0.0242665 12143 10467.8 22610.7 4.88651
1.265 0.0649538 -0.116472 -0.0279291 12094.4 10528.3 22622.7 4.86696
1.266 0.0678124 -0.115492 -0.0281837 12058.5 10531 22589.5 4.85252
1.267 0.0693688 -0.116215 -0.0352509 12036.1 10543.9 22580 4.84351
1.268 0.0674076 -0.114876 -0.0392601 12025.9 10540.9 22566.8 4.8394
1.269 0.0632448 -0.113686 -0.0447333 12024.2 10556.8 22581 4.83871
1.27 0.0621829 -0.109279 -0.0472949 12025 10566.5 22591.5 4.83903
1.271 0.0634642 -0.106245 -0.0506556 12021.5 10559.3 22580.8 4.83761
1.272 0.0651426 -0.106199 -0.0527725 12007.8 10592 22599.7 4.8321
1.273 0.0614799 -0.105513 -0.0526685 11981 10598.6 22579.6 4.82133
1.274 0.062991 -0.105293 -0.0548176 11942 10630.5 22572.5 4.80562
1.275 0.0602708 -0.106569 -0.0532274 11894.9 10687.3 22582.2 4.78668
1.276 0.0605913 -0.110993 -0.0580521 11845.5 10750.9 22596.5 4.76682
1.277 0.0589944 -0.113245 -0.0586796 11798.7 10793.1 22591.8 4.74795
1.278 0.0531009 -0.112532 -0.0624423 11756.7 10847 22603.6 4.73105
1.279 0.0491701 -0.112088 -0.0623646 11720.2 10878.7 22598.9 4.71638
1.28 0.048924 -0.111963 -0.0627751 11690.1 10901.8 22591.8 4.70425
1.281 0.0541372 -0.108781 -0.0626159 11668.1 10927.3 22595.4 4.69542
1.282 0.0555623 -0.105714 -0.0617346 11657.1 10951.4 22608.6 4.691
1.283 0.0543122 -0.1102 -0.0668334 11659.5 10932.3 22591.9 4.69196
1.284 0.0571055 -0.113323 -0.0693221 11676.1 10925.3 22601.4 4.69863
1.285 0.0513875 -0.110855 -0.0724878 11705.8 10872.9 22578.8 4.7106
1.286 0.056114 -0.112924 -0.078706 11746.6 10834.5 22581.1 4.72701
1.287 0.0579369 -0.120102 -0.0739081 11796 10796.9 22592.9 4.74687
1.288 0.0608172 -0.120543 -0.0708039 11851.9 10732.7 22584.6 4.76936
1.289 0.0627942 -0.11774 -0.073807 11912.2 10683 22595.2 4.79364
1.29 0.0659747 -0.11757 -0.0695078 11974.4 10616.2 22590.5 4.81867
1.291 0.0720696 -0.114272 -0.0671401 12035.2 10574.2 22609.4 4.84315
1.292 0.0726748 -0.115813 -0.0736346 12090.5 10506.9 22597.5 4.8654
1.293 0.0761123 -0.113766 -0.0747056 12136 10462.6 22598.6 4.88371
1.294 0.0789557 -0.118294 -0.0756831 12168.4 10413.6 22581.9 4.89674
1.295 0.0804505 -0.112664 -0.0768018 12186.4 10396.8 22583.2 4.90399
1.296 0.0873766 -0.111692 -0.0783038 12191.7 10393.9 22585.5 4.9061
1.297 0.0900998 -0.105219 -0.080729 12188.8 10398.1 22586.8 4.90494
1.298 0.097775 -0.106562 -0.0738196 12184.1 10413.5 22597.6 4.90306
1.299 0.0970206 -0.105454 -0.0715241 12184 10413.7 22597.7 4.90302
1.3 0.0962548 -0.104518 -0.0754323 12192.6 10402.7 22595.4 4.9065
1.301 0.0957522 -0.0996242 -0.0786929 12211.8 10402.5 22614.4 4.91422
1.302 0.0976567 -0.0950036 -0.0779023 12241.7 10372.6 22614.3 4.92623
1.303 0.102695 -0.0912337 -0.071466 12281.7 10325.4 22607.1 4.94235
1.304 0.102501 -0.0903277 -0.0678229 12330.9 10270.4 22601.2 4.96212
1.305 0.100986 -0.0926213 -0.0715027 12387 10191.6 22578.6 4.98472
1.306 0.0985994 -0.0947981 -0.0702734 12447.4 10114.6 22561.9 5.00899
1.307 0.095479 -0.0930815 -0.0680404 12508.3 10051.1 22559.4 5.03353
1.308 0.0901508 -0.0951462 -0.0691195 12566.3 10024 22590.3 5.05684
1.309 0.0942364 -0.0948419 -0.0662556 12617.6 10001.2 22618.8 5.07749
1.31 0.0962238 -0.0893697 -0.0674663 12658.5 9961.4 22619.9 5.09396
1.311 0.0981979 -0.0908102 -0.0661268 12685.2 9941.73 22627 5.10472
1.312 0.102499 -0.0885634 -0.0644989 12694.2 9936.22 22630.5 5.10834
1.313 0.104113 -0.091579 -0.0702367 12682.9 9965.35 22648.2 5.10378
1.314 0.101093 -0.0979834 -0.0689316 12650.5 9997.72 22648.2 5.09073
1.315 0.0983653 -0.100579 -0.0681171 12598.7 10068.5 22667.3 5.06991
1.316 0.100893 -0.105254 -0.0696568 12532.1 10151.9 22684 5.0431
1.317 0.100904 -0.104863 -0.0616214 12457.1 10227 22684.1 5.01294
1.318 0.0976639 -0.101953 -0.0586334 12381.5 10322.9 22704.4 4.9825
1.319 0.10088 -0.103916 -0.0572965 12312.6 10376.5 22689.1 4.95476
1.32 0.102447 -0.100521 -0.0549445 12256.3 10444.7 22701 4.93211
1.321 0.104008 -0.100666 -0.0559273 12216.4 10465.6 22682 4.91604
1.322 0.105338 -0.0961488 -0.0562926 12194 10491.5 22685.5 4.90705
1.323 0.107337 -0.0928863 -0.0549849 12188.3 10506.6 22694.9 4.90475
1.324 0.105917 -0.0981383 -0.0526121 12196.7 10502.8 22699.5 4.90814
1.325 0.106135 -0.095448 -0.0556936 12216 10493 22709 4.91589
1.326 0.108609 -0.0954959 -0.0544362 12242.3 10435.7 22678 4.92649
1.327 0.106909 -0.0958583 -0.0571876 12271.9 10395.5 22667.4 4.93839
1.328 0.107609 -0.0916068 -0.0582037 12301 10329.5 22630.5 4.9501
1.329 0.103579 -0.0902399 -0.058054 12326 10291.4 22617.4 4.96018
1.33 0.103385 -0.0930056 -0.0504661 12343.7 10267.8 22611.5 4.96728
1.331 0.0972028 -0.0898045 -0.0481839 12351 10241.4 22592.4 4.9702
1.332 0.0950871 -0.0886458 -0.0469217 12345.7 10261 22606.6 4.96808
1.333 0.0964527 -0.0901783 -0.0470662 12327.2 10292.5 22619.7 4.96064
1.334 0.100214 -0.0867327 -0.0496693 12296.2 10314 22610.2 4.94817
1.335 0.0995593 -0.0862454 -0.0465684 12254.6 10335.5 22590.1 4.93143
1.336 0.100554 -0.0863816 -0.0471334 12204.7 10393.7 22598.4 4.91135
1.337 0.105083 -0.0861765 -0.0449338 12148.9 10453 22601.9 4.88891
1.338 0.0983667 -0.0833584 -0.0433383 12089.8 10526.5 22616.3 4.86509
1.339 0.0973601 -0.0832565 -0.0453982 12030.1 10580.3 22610.4 4.8411
1.34 0.0995808 -0.0844057 -0.0450864 11973.6 10620.3 22593.9 4.81833
1.341 0.0963955 -0.0802517 -0.0464253 11923.7 10705.8 22629.5 4.79827
1.342 0.0987234 -0.0718451 -0.0445108 11883.9 10761.1 22645 4.78226
1.343 0.0980344 -0.0710959 -0.0480623 11856.5 10800.4 22656.9 4.77123
1.344 0.0974908 -0.0673916 -0.0497494 11842.9 10805.7 22648.6 4.76575
1.345 0.097003 -0.0620749 -0.0519562 11843.3 10798 22641.4 4.76593
1.346 0.0983133 -0.0602992 -0.0562334 11857.6 10780.2 22637.8 4.77168
1.347 0.0937839 -0.0623772 -0.0562243 11884.6 10765.1 22649.7 4.78255
1.348 0.0914254 -0.0655205 -0.0564475 11922.4 10723.7 22646.2 4.79775
1.349 0.0883217 -0.0683458 -0.0588441 11968.6 10712 22680.6 4.81635
1.35 0.0899081 -0.0624979 -0.057569 12021 10660.8 22681.8 4.83742
1.351 0.0906596 -0.0590694 -0.0610528 12077.8 10595.7 22673.5 4.86029
1.352 0.0929875 -0.0596912 -0.0642467 12138.3 10523.2 22661.5 4.88465
1.353 0.0983098 -0.0624797 -0.0613141 12202.2 10461.7 22663.9 4.91034
1.354 0.101223 -0.0640209 -0.0635748 12268.6 10413.1 22681.7 4.93707
1.355 0.102186 -0.0679176 -0.0619211 12336.2 10319.4 22655.6 4.96428
1.356 0.105689 -0.0693119 -0.066514 12403.4 10249.9 22653.2 4.99129
1.357 0.102341 -0.0716817 -0.0700665 12468.1 10172 22640.1 5.01733
1.358 0.100309 -0.0698185 -0.0708737 12528.6 10126.9 22655.5 5.04167
1.359 0.0989528 -0.0667238 -0.0721164 12582.6 10071.7 22654.3 5.06343
1.36 0.0980954 -0.0666636 -0.0691795 12627.6 10019.5 22647.1 5.08151
1.361 0.0966995 -0.0738438 -0.0659046 12660.1 9973.84 22634 5.09462
1.362 0.0903947 -0.0737275 -0.062129 12677.6 9948.02 22625.7 5.10166
1.363 0.0968451 -0.072206 -0.0625678 12678.5 9943.6 22622.1 5.10202
1.364 0.0957975 -0.0692686 -0.0627862 12663.2 9968.56 22631.7 5.09584
1.365 0.0986347 -0.0687336 -0.0636683 12633.9 9987.16 22621.1 5.08407
1.366 0.103117 -0.0700183 -0.0604253 12595 10021.4 22616.4 5.0684
1.367 0.0993881 -0.0693612 -0.0567749 12551.4 10060.3 22611.7 5.05087
1.368 0.097405 -0.0628963 -0.0575779 12508.6 10112.7 22621.3 5.03365
1.369 0.0961313 -0.0648933 -0.0585539 12471.4 10149.9 22621.3 5.01868
1.37 0.0963769 -0.0628495 -0.0601384 12443.7 10178.8 22622.5 5.00753
1.371 0.097487 -0.0586238 -0.0600755 12428.5 10204.7 22633.3 5.00142
1.372 0.099452 -0.0543084 -0.0585224 12428 10191.2 22619.1 5.00119
1.373 0.0984411 -0.0534549 -0.0631868 12443 10163 22606 5.00726
1.374 0.100166 -0.0527225 -0.0613496 12472.8 10135.5 22608.3 5.01924
1.375 0.0981636 -0.0512805 -0.0616143 12513.3 10107.9 22621.3 5.03555
1.376 0.0961704 -0.0487109 -0.057407 12558 10070.3 22628.3 5.05352
1.377 0.0897789 -0.044611 -0.0594784 12598.6 10033.1 22631.6 5.06985
1.378 0.097311 -0.0443513 -0.0566579 12627.3 9973.43 22600.7 5.08141
1.379 0.0985842 -0.0453925 -0.0545779 12638.4 9961.24 22599.6 5.08586
1.38 0.0988712 -0.0437668 -0.0535485 12629.1 9964.47 22593.6 5.08215
1.381 0.0992069 -0.0404527 -0.0540029 12600.8 10018.9 22619.7 5.07075
1.382 0.102144 -0.0425928 -0.0595824 12557.8 10047.8 22605.6 5.05345
1.383 0.102508 -0.0477447 -0.0587879 12506.3 10113.7 22620 5.03272
1.384 0.102124 -0.0511923 -0.0632674 12452 10124 22576.1 5.01088
1.385 0.103397 -0.0583314 -0.0591904 12399.1 10186.5 22585.6 4.98959
1.386 0.102873 -0.0641583 -0.0529562 12349.8 10266.7 22616.5 4.96975
1.387 0.0983257 -0.07092 -0.05144 12305 10309.1 22614.1 4.95172
1.388 0.0973721 -0.0728101 -0.055537 12265.2 10352.5 22617.7 4.93569
1.389 0.094645 -0.0743337 -0.053292 12230.9 10391.6 22622.5 4.9219
1.39 0.0908124 -0.0721794 -0.0573127 12202.9 10416.1 22619 4.91063
1.391 0.0921495 -0.067594 -0.0607514 12182 10448.8 22630.8 4.90223
1.392 0.0919834 -0.0660459 -0.0626979 12169.3 10472.2 22641.6 4.89712
1.393 0.0907946 -0.063985 -0.0632377 12165.9 10463.8 22629.7 4.89572
1.394 0.095407 -0.0626965 -0.0623794 12172.1 10441 22613.1 4.89823
1.395 0.0975294 -0.0650712 -0.0701375 12187.7 10429 22616.6 4.90449
1.396 0.099949 -0.0672687 -0.0711694 12210.3 10414.7 22624.9 4.91359
1.397 0.101744 -0.0654815 -0.0677142 12235.7 10402.1 22637.8 4.92383
1.398 0.101329 -0.0685065 -0.0689406 12258.3 10406.7 22665.1 4.93294
1.399 0.102002 -0.0706337 -0.0689621 12271.9 10400.2 22672.1 4.9384
1.4 0.102758 -0.0704731 -0.0684433 12271.1 10387.9 22659 4.93806
1.401 0.0994978 -0.0705027 -0.0617867 12252.6 10389.8 22642.4 4.93063
1.402 0.0941553 -0.0725404 -0.0607204 12216.5 10436.5 22653 4.9161
1.403 0.098639 -0.0724937 -0.0636158 12165.8 10489.7 22655.5 4.89571
1.404 0.0988355 -0.0747873 -0.0621691 12106.3 10549.4 22655.7 4.87176
1.405 0.097939 -0.0699007 -0.0613756 12044.9 10603.7 22648.6 4.84705
1.406 0.0988622 -0.0711705 -0.0630493 11989 10659.7 22648.7 4.82454
1.407 0.101798 -0.0712639 -0.063942 11945.1 10696.6 22641.7 4.80689
1.408 0.102646 -0.0732743 -0.062047 11918 10704.8 22622.8 4.79596
1.409 0.100191 -0.0766875 -0.0582013 11909.8 10716.5 22626.3 4.79267
1.41 0.102443 -0.0778319 -0.0527158 11920.6 10703.3 22623.9 4.79704
1.411 0.103158 -0.0790058 -0.0554347 11949 10682 22630.9 4.80843
1.412 0.10383 -0.0826336 -0.0576673 11992.1 10643.5 22635.6 4.8258
1.413 0.102561 -0.0903555 -0.0552049 12046 10600.3 22646.3 4.84749
1.414 0.106814 -0.0883137 -0.0554767 12105.1 10539.9 22645 4.87128
1.415 0.107919 -0.0882259 -0.054996 12162.7 10497.6 22660.4 4.89446
1.416 0.109068 -0.0883909 -0.056684 12212.2 10467.1 22679.3 4.91436
1.417 0.111716 -0.0899048 -0.0565467 12248.5 10415.3 22663.8 4.92897
1.418 0.112731 -0.0885067 -0.0580468 12269.3 10393.4 22662.7 4.93736
1.419 0.108494 -0.0897346 -0.0567889 12274.7 10395.1 22669.8 4.9395
1.42 0.10616 -0.0894599 -0.0578446 12266.3 10404.7 22671 4.93612
1.421 0.107151 -0.0873517 -0.0603797 12246.3 10429.5 22675.8 4.9281
1.422 0.105762 -0.0883493 -0.058315 12216.7 10435.4 22652 4.91617
1.423 0.107128 -0.0824717 -0.0581679 12178.7 10465 22643.7 4.90087
1.424 0.104178 -0.0792845 -0.0594372 12132.9 10507.3 22640.2 4.88246
1.425 0.102774 -0.0728264 -0.0645217 12079.7 10571.2 22650.9 4.86104
1.426 0.106582 -0.0739553 -0.0644877 12019.3 10637.5 22656.9 4.83675
1.427 0.111417 -0.0733373 -0.0645549 11952.6 10671 22623.6 4.80989
1.428 0.116145 -0.0710945 -0.0626916 11881.4 10739.9 22621.3 4.78127
1.429 0.114111 -0.0755572 -0.0583895 11809.8 10819.8 22629.7 4.75245
1.43 0.114711 -0.0784793 -0.0599747 11743.8 10895.5 22639.3 4.72587
1.431 0.112463 -0.0818496 -0.0588658 11690.1 10948.1 22638.2 4.70426
1.432 0.118838 -0.0857291 -0.0565359 11654.5 11001.5 22656 4.68993
1.433 0.118529 -0.0847067 -0.0555917 11639.7 11003.1 22642.8 4.68398
1.434 0.116975 -0.0830569 -0.0564007 11645.3 10985.7 22631 4.68624
1.435 0.116175 -0.0824255 -0.0562662 11669.4 10945 22614.3 4.69593
1.436 0.120093 -0.0786223 -0.0529065 11709.3 10900.2 22609.5 4.71201
1.437 0.120816 -0.0814776 -0.0549307 11762.7 10836.1 22598.8 4.73348
1.438 0.123713 -0.0800681 -0.0589883 11826.7 10773.2 22599.9 4.75924
1.439 0.121266 -0.0766482 -0.0595019 11898.3 10708.8 22607.1 4.78804
1.44 0.121854 -0.0792213 -0.0565388 11974.1 10624.6 22598.7 4.81855
1.441 0.123318 -0.0802989 -0.0573637 12050.8 10546.6 22597.4 4.84942
1.442 0.118759 -0.0710254 -0.0626862 12125.1 10456.8 22581.9 4.87931
1.443 0.115921 -0.0689945 -0.0618451 12193.6 10416.7 22610.4 4.90689
1.444 0.116553 -0.0710409 -0.0619533 12253.1 10371.5 22624.5 4.93081
1.445 0.116521 -0.0699747 -0.0607755 12300.2 10335 22635.1 4.94977
1.446 0.116694 -0.0675275 -0.0574501 12332.7 10297.6 22630.3 4.96286
1.447 0.112209 -0.0610538 -0.0613573 12350 10272.2 22622.1 4.9698
1.448 0.115441 -0.0655592 -0.0580199 12353.8 10296.9 22650.7 4.97136
1.449 0.113412 -0.0646743 -0.057631 12348.8 10298.5 22647.2 4.96932
1.45 0.108893 -0.060974 -0.0596733 12341.3 10316.6 22658 4.96633
1.451 0.111372 -0.0595673 -0.0566812 12339 10317.8 22656.8 4.96538
1.452 0.107685 -0.0550955 -0.0582829 12348.4 10308.5 22656.9 4.96919
1.453 0.111521 -0.0567485 -0.0577416 12374.1 10284.1 22658.1 4.9795
1.454 0.113374 -0.059929 -0.0544759 12416.8 10243.6 22660.5 4.99671
1.455 0.109705 -0.0593905 -0.0538989 12473.4 10214.4 22687.7 5.01947
1.456 0.106962 -0.0609396 -0.0625868 12536.6 10139.2 22675.7 5.0449
1.457 0.109103 -0.0570581 -0.0617776 12597.1 10068.9 22666.1 5.06927
1.458 0.112772 -0.0595827 -0.0600362 12645.9 10027.1 22673 5.0889
1.459 0.10706 -0.063297 -0.0607557 12675.5 10002.3 22677.8 5.10082
1.46 0.110894 -0.059902 -0.0592839 12681.7 9986.51 22668.2 5.10331
1.461 0.107903 -0.0609848 -0.0536696 12663.9 10012.7 22676.6 5.09613
1.462 0.110082 -0.0585911 -0.0544031 12624.8 10074.5 22699.3 5.0804
1.463 0.106148 -0.0550239 -0.0528374 12569.4 10138.3 22707.7 5.0581
1.464 0.106169 -0.056663 -0.0518146 12503.6 10188.8 22692.4 5.03164
1.465 0.107564 -0.0561914 -0.0546012 12433.4 10240 22673.4 5.00337
1.466 0.109609 -0.0587616 -0.0570989 12363.2 10337.5 22700.8 4.97515
1.467 0.113488 -0.0577469 -0.0604055 12296.2 10421.2 22717.4 4.94817
1.468 0.114539 -0.0586843 -0.0649729 12233.5 10487.6 22721.1 4.92294
1.469 0.117712 -0.0529313 -0.0692883 12174.8 10512.8 22687.7 4.89934
1.47 0.121469 -0.0501246 -0.0718813 12119.1 10560.3 22679.3 4.87688
1.471 0.123418 -0.0514302 -0.0700903 12064.7 10608.7 22673.4 4.85502
1.472 0.122458 -0.0573449 -0.0717278 12011.4 10653.8 22665.1 4.83354
1.473 0.119622 -0.0554481 -0.0729647 11960 10699.2 22659.2 4.81288
1.474 0.118742 -0.0529418 -0.0779104 11913.3 10743.5 22656.9 4.7941
1.475 0.121338 -0.0556607 -0.0819511 11874.4 10768.2 22642.6 4.77844
1.476 0.120333 -0.0560536 -0.0810699 11844.8 10789.6 22634.3 4.7665
1.477 0.118765 -0.0637441 -0.0835524 11823.3 10827.5 22650.9 4.75789
1.478 0.120841 -0.0664773 -0.084199 11807.8 10833.4 22641.2 4.75164
1.479 0.114703 -0.059031 -0.0840197 11797.4 10855.9 22653.3 4.74743
1.48 0.109065 -0.0580926 -0.0817633 11794.4 10853 22647.4 4.74623
1.481 0.113066 -0.0615315 -0.0844021 11804 10801.8 22605.8 4.75011
1.482 0.109118 -0.0628343 -0.0847521 11831.2 10761.6 22592.8 4.76105
1.483 0.105448 -0.0605464 -0.0829659 11877.8 10730.5 22608.3 4.77979
1.484 0.102468 -0.0615697 -0.0826406 11942.2 10670.8 22613 4.8057
1.485 0.103502 -0.0649915 -0.0833588 12020.3 10591.4 22611.7 4.83714
1.486 0.102942 -0.0656648 -0.0876837 12106.7 10528.7 22635.4 4.87191
1.487 0.103682 -0.0627542 -0.0884352 12194.9 10458.2 22653.1 4.90741
1.488 0.105474 -0.0638537 -0.0877254 12278.1 10347.6 22625.7 4.9409
1.489 0.103354 -0.0635591 -0.0879591 12349.8 10276 22625.7 4.96973
1.49 0.0968685 -0.0614209 -0.0892837 12404.9 10226.6 22631.5 4.99193
1.491 0.094491 -0.0588756 -0.086251 12441.6 10219.6 22661.2 5.00668
1.492 0.0937014 -0.0616889 -0.0855739 12460.6 10207.8 22668.4 5.01431
1.493 0.089819 -0.0573659 -0.0852118 12464.3 10186.4 22650.7 5.01582
1.494 0.093421 -0.0572696 -0.089215 12454.7 10193.6 22648.2 5.01195
1.495 0.0921755 -0.058125 -0.0862687 12432.3 10212.3 22644.7 5.00294
1.496 0.0946016 -0.0585809 -0.0901058 12396.7 10250.4 22647.1 4.98861
1.497 0.0913324 -0.0563388 -0.09181 12348.2 10298.9 22647.1 4.96908
1.498 0.0949116 -0.061542 -0.0869052 12289.2 10337.9 22627 4.94533
1.499 0.0952013 -0.0616527 -0.0800121 12224.6 10387.1 22611.7 4.91937
1.5 0.0980022 -0.0648465 -0.0752401 12160.9 10446.1 22607.1 4.89374
1.501 0.0968301 -0.0684857 -0.0782743 12104.3 10498 22602.3 4.87095
1.502 0.0914838 -0.0719323 -0.0820756 12059.2 10532.5 22591.7 4.85281
1.503 0.0910633 -0.0677791 -0.0847992 12027.4 10546.4 22573.8 4.84001
1.504 0.0905817 -0.067615 -0.0872225 12007.6 10566.1 22573.8 4.83205
1.505 0.09185 -0.0650411 -0.0899712 11996.6 10581.8 22578.4 4.8276
1.506 0.0941103 -0.0587955 -0.0912969 11990.1 10596.7 22586.8 4.82498
1.507 0.0944781 -0.0601239 -0.0906608 11984.6 10597.4 22582 4.82278
1.508 0.0930371 -0.0648713 -0.0893638 11979 10605.3 22584.3 4.82052
1.509 0.0966859 -0.0644193 -0.0907361 11975 10626 22601 4.81892
1.51 0.0927939 -0.0637784 -0.0951364 11977.1 10652.6 22629.7 4.81975
1.511 0.0902667 -0.0667243 -0.0981891 11990.3 10611 22601.3 4.82505
1.512 0.0888515 -0.0701241 -0.102501 12018.2 10577.1 22595.3 4.83629
1.513 0.0882267 -0.0700364 -0.103289 12061.4 10526.8 22588.2 4.85367
1.514 0.0868162 -0.0729499 -0.108289 12117.3 10458.8 22576.1 4.87618
1.515 0.084905 -0.0705085 -0.111517 12181.5 10403 22584.4 4.902
1.516 0.080726 -0.0694628 -0.109595 12248.2 10352.7 22600.9 4.92885
1.517 0.0859771 -0.0700722 -0.108772 12311.7 10287.9 22599.6 4.95441
1.518 0.0894895 -0.0755668 -0.109552 12367.1 10230.1 22597.2 4.97671
1.519 0.0918655 -0.0730023 -0.108108 12410.9 10206.4 22617.3 4.99432
1.52 0.0915465 -0.0733004 -0.109435 12441.2 10170.2 22611.4 5.00652
1.521 0.0882125 -0.0757713 -0.104618 12458 10146.3 22604.3 5.0133
1.522 0.0889502 -0.0784073 -0.0996569 12463 10137.8 22600.8 5.01531
1.523 0.0911884 -0.0784531 -0.0967136 12458.9 10159.7 22618.6 5.01363
1.524 0.0955951 -0.0768337 -0.0998197 12449 10169.6 22618.6 5.00965
1.525 0.0959718 -0.0816426 -0.104963 12436.8 10184.3 22621.1 5.00474
1.526 0.0929971 -0.0866733 -0.103659 12425 10206.9 22631.9 5.00001
1.527 0.0914888 -0.0869553 -0.103423 12415.6 10240 22655.6 4.99623
1.528 0.0948169 -0.0862648 -0.105065 12409.9 10251.6 22661.6 4.99394
1.529 0.0948594 -0.0825388 -0.102498 12408.7 10274.2 22682.9 4.99344
1.53 0.0984771 -0.0832331 -0.0924813 12412.5 10256.2 22668.7 4.99498
1.531 0.0953014 -0.0837281 -0.0941399 12421.3 10241.5 22662.7 4.9985
1.532 0.0904782 -0.0810866 -0.0887396 12433.6 10230.3 22663.9 5.00345
1.533 0.0907567 -0.0782506 -0.0911899 12446.1 10189.2 22635.3 5.00849
1.534 0.0915644 -0.0815662 -0.0864499 12453.6 10169.7 22623.3 5.01153
1.535 0.0950103 -0.0795778 -0.0866513 12450.5 10172.7 22623.2 5.01024
1.536 0.0978332 -0.0765995 -0.0841382 12432 10175.7 22607.8 5.00283
1.537 0.10323 -0.0778417 -0.0840459 12396.8 10201.4 22598.2 4.98864
1.538 0.100268 -0.076817 -0.0799179 12346.6 10254 22600.6 4.96846
1.539 0.0935985 -0.0727735 -0.0812817 12286.2 10300.2 22586.4 4.94413
1.54 0.0910517 -0.0667386 -0.0782766 12221.2 10377.3 22598.4 4.91797
1.541 0.0914971 -0.0679126 -0.0763774 12156.9 10450 22606.9 4.89212
1.542 0.095834 -0.0647379 -0.0768228 12098 10482.9 22580.9 4.86839
1.543 0.0957171 -0.0553622 -0.0748973 12048.2 10542.3 22590.5 4.84836
1.544 0.0989143 -0.0535222 -0.0764813 12011.7 10605 22616.6 4.83366
1.545 0.102133 -0.0512897 -0.0726066 11992.8 10607.2 22600 4.82606
1.546 0.103342 -0.0458647 -0.0617156 11995.5 10585.7 22581.2 4.82716
1.547 0.105188 -0.0416918 -0.06146 12021.9 10561.5 22583.4 4.83779
1.548 0.105354 -0.0452733 -0.0586209 12070.7 10522.2 22592.9 4.85742
1.549 0.10683 -0.0499268 -0.0564523 12137.1 10453.3 22590.4 4.88415
1.55 0.110635 -0.0461574 -0.0578713 12214.4 10383 22597.4 4.91527
1.551 0.107288 -0.0403597 -0.060091 12295.7 10289.8 22585.5 4.94797
1.552 0.104827 -0.0435193 -0.0590172 12375.2 10217.3 22592.5 4.97996
1.553 0.104043 -0.0451734 -0.058253 12448.6 10124.9 22573.5 5.00949
1.554 0.1037 -0.040518 -0.0563276 12512.9 10057.1 22569.9 5.03536
1.555 0.107435 -0.0368766 -0.0634515 12566.1 10022.9 22588.9 5.05676
1.556 0.106134 -0.0381736 -0.0657226 12607.1 9965.19 22572.2 5.07326
1.557 0.102868 -0.0378786 -0.0635472 12635.4 9934.5 22569.9 5.08467
1.558 0.103534 -0.0355054 -0.0681916 12651.3 9916.19 22567.5 5.09106
1.559 0.0982678 -0.0336972 -0.0635214 12655.4 9914.44 22569.8 5.0927
1.56 0.0930731 -0.0340609 -0.0654256 12648.6 9912.94 22561.6 5.08998
1.561 0.0915787 -0.0304036 -0.0664551 12632.1 9936.59 22568.7 5.08335
1.562 0.0917637 -0.02881 -0.0637627 12606.8 9952.25 22559.1 5.07317
1.563 0.0933983 -0.0257725 -0.0660415 12573.3 10004.8 22578.1 5.05968
1.564 0.0922141 -0.0281658 -0.0661187 12531.3 10026.6 22557.9 5.04279
1.565 0.0960798 -0.0226031 -0.066772 12479.7 10068.7 22548.4 5.022
1.566 0.094173 -0.0160227 -0.0631738 12416.2 10173.7 22589.8 4.99644
1.567 0.0933418 -0.0120632 -0.0655942 12338.5 10260.8 22599.3 4.96519
1.568 0.0959973 -0.0161726 -0.0742965 12246 10367.5 22613.6 4.92798
1.569 0.0975046 -0.0175839 -0.0703297 12141.7 10488.7 22630.4 4.88599
1.57 0.100363 -0.0186275 -0.0660152 12033 10613 22646.1 4.84227
1.571 0.0991316 -0.0170462 -0.0686474 11931.8 10720.5 22652.2 4.80153
1.572 0.105364 -0.0158882 -0.0677829 11851.3 10820.1 22671.3 4.76912
1.573 0.11032 -0.0103276 -0.0752878 11802.5 10842.8 22645.3 4.74952
1.574 0.113433 -0.00668621 -0.0766058 11791.9 10866.5 22658.4 4.74522
1.575 0.110804 -0.00779885 -0.0737286 11819.1 10837.9 22657 4.75619
1.576 0.109651 -0.00724506 -0.0695961 11878.6 10804.4 22683 4.78011
1.577 0.113728 -0.00835502 -0.0684693 11960.6 10736.6 22697.1 4.8131
1.578 0.118335 -0.00755346 -0.0643747 12054.2 10642.8 22697 4.85079
1.579 0.118562 -0.00725675 -0.064682 12148.9 10570.5 22719.4 4.8889
1.58 0.119601 -0.00507188 -0.0647711 12235.8 10485.9 22721.7 4.92385
1.581 0.121628 -0.00276732 -0.066258 12308.4 10429.9 22738.3 4.95308
1.582 0.122126 0.000417709 -0.0681767 12363.5 10393.9 22757.4 4.97524
1.583 0.123687 -0.00275373 -0.0679469 12400.7 10378.1 22778.8 4.99023
1.584 0.118819 -0.00111914 -0.0679794 12422.7 10362.1 22784.8 4.99907
1.585 0.116089 -0.00556135 -0.0661893 12434 10367.6 22801.6 5.00362
1.586 0.115453 -0.000967503 -0.0634285 12439.7 10376.1 22815.9 5.00593
1.587 0.11936 0.00154114 -0.0589911 12444.1 10362.4 22806.5 5.00768
1.588 0.124907 0.00274658 -0.0625596 12449.1 10352.6 22801.7 5.00971
1.589 0.131983 0.00202751 -0.0617273 12454.5 10332.9 22787.3 5.01186
1.59 0.138275 0.00333118 -0.0658834 12457.9 10314 22771.9 5.01324
1.591 0.143147 0.00413799 -0.0651863 12456.6 10328.2 22784.9 5.01272
1.592 0.145349 0.00561428 -0.0609767 12448.3 10337.7 22786 5.0094
1.593 0.140984 0.00365162 -0.0613286 12432 10342.1 22774.1 5.00284
1.594 0.143209 -0.000273705 -0.0584667 12408.5 10372.8 22781.3 4.99335
1.595 0.140418 -0.00244236 -0.0584273 12379.8 10396.8 22776.6 4.98181
1.596 0.140456 -0.00146961 -0.0610166 12348.9 10450.3 22799.2 4.96938
1.597 0.138548 -0.00162601 -0.0602098 12318 10463.4 22781.4 4.95696
1.598 0.133305 -0.000285149 -0.055295 12287.8 10477.1 22764.9 4.94478
1.599 0.13427 -0.0018692 -0.0532408 12257.2 10513.6 22770.8 4.93246
1.6 0.131947 -0.00162125 -0.0474854 12224.4 10548.7 22773.1 4.91927
1.601 0.132845 -0.00447464 -0.0419254 12188 10586.3 22774.3 4.90462
1.602 0.134008 -0.00213814 -0.0405436 12147.5 10635.3 22782.7 4.88831
1.603 0.134492 0.000486851 -0.0334883 12103.3 10656.8 22760.1 4.87055
1.604 0.141595 -0.00117636 -0.0306115 12057.1 10726.8 22783.9 4.85195
1.605 0.140292 -0.00219202 -0.0321527 12011.4 10760.7 22772.1 4.83357
1.606 0.141572 -0.00223303 -0.0371928 11969.5 10802.6 22772.2 4.81671
1.607 0.140123 -0.00388336 -0.0383973 11934.7 10829.1 22763.8 4.8027
1.608 0.14293 -0.00407553 -0.0426812 11910 10856.3 22766.2 4.79274
1.609 0.140636 -0.004354 -0.0493836 11897.5 10859.2 22756.7 4.78773
1.61 0.143163 -0.00730872 -0.048223 11898.5 10866.6 22765 4.78812
1.611 0.143773 -0.0107533 -0.0478597 11912 10825.7 22737.7 4.79358
1.612 0.147669 -0.00943923 -0.0485148 11935.4 10806.8 22742.3 4.803
1.613 0.146664 -0.00790137 -0.0467515 11964.2 10780.5 22744.7 4.81457
1.614 0.15573 -0.0116837 -0.0471768 11992.7 10738.8 22731.5 4.82605
1.615 0.158791 -0.0117657 -0.0465188 12015.3 10723.3 22738.6 4.83512
1.616 0.15619 -0.0162404 -0.0430741 12026.8 10716.6 22743.3 4.83975
1.617 0.152218 -0.0200706 -0.0381989 12023.9 10708.6 22732.5 4.8386
1.618 0.152501 -0.0190822 -0.0346131 12005.7 10720.9 22726.6 4.83127
1.619 0.151338 -0.0146322 -0.0368066 11973.3 10758 22731.3 4.81824
1.62 0.149549 -0.0151491 -0.0341983 11929.5 10786.5 22716 4.80061
1.621 0.146296 -0.0158443 -0.0276103 11877.7 10846.6 22724.3 4.77977
1.622 0.140992 -0.016824 -0.0228171 11822 10883.4 22705.5 4.75736
1.623 0.138274 -0.0193665 -0.0205035 11767.4 10928.7 22696 4.73536
1.624 0.140051 -0.0219905 -0.0157094 11720.2 10968.9 22689.1 4.71638
1.625 0.142822 -0.0257056 -0.0151114 11688.1 10995.2 22683.3 4.70345
1.626 0.140996 -0.0283959 -0.0122342 11678.7 10997.7 22676.4 4.69967
1.627 0.141536 -0.030674 -0.0088439 11697.5 10968.1 22665.6 4.70724
1.628 0.140594 -0.0228744 -0.00722456 11745.9 10922.1 22667.9 4.7267
1.629 0.143317 -0.0238628 -0.00326204 11820 10852.5 22672.5 4.75652
1.63 0.145732 -0.0197749 0.000609875 11911.9 10759.3 22671.2 4.79351
1.631 0.141288 -0.0200133 -0.0012145 12011.7 10654.5 22666.3 4.83369
1.632 0.138529 -0.0254092 0.00119591 12109.8 10543.4 22653.2 4.87317
1.633 0.141919 -0.0296607 0.000332832 12198.2 10442.9 22641.1 4.90873
1.634 0.143057 -0.0261788 0.0023365 12271.5 10363.7 22635.2 4.93821
1.635 0.142115 -0.0237203 0.00366068 12326.7 10302.5 22629.2 4.96044
1.636 0.143281 -0.0270457 0.00333548 12363.4 10269.5 22632.8 4.9752
1.637 0.147172 -0.0286212 0.00554991 12382.5 10284.9 22667.4 4.9829
1.638 0.152451 -0.0273042 0.00981212 12386.3 10304.7 22691.1 4.98444
1.639 0.151091 -0.0259414 0.0111501 12377.8 10320.4 22698.2 4.981
1.64 0.150056 -0.0265326 0.00928283 12360.1 10363.2 22723.2 4.97387
1.641 0.153389 -0.0246129 0.00314498 12335.9 10396.8 22732.8 4.96416
1.642 0.152967 -0.0239358 -0.00027585 12307.8 10413.2 22721 4.95286
1.643 0.151689 -0.0276818 -0.00369477 12277.5 10425.7 22703.2 4.94063
1.644 0.148581 -0.0276928 -0.00199723 12246.1 10461.8 22707.9 4.92801
1.645 0.152111 -0.0273852 -0.0016396 12215 10465.6 22680.6 4.91551
1.646 0.146847 -0.0261693 -0.00568318 12186.3 10507.4 22693.7 4.90394
1.647 0.144697 -0.0236855 -0.0143778 12163.1 10516.4 22679.5 4.89462
1.648 0.143353 -0.0242839 -0.0175631 12149.9 10535.6 22685.5 4.88928
1.649 0.141111 -0.0225923 -0.0153923 12150.9 10556.1 22707 4.88968
1.65 0.140445 -0.0246415 -0.0158749 12169.4 10534 22703.4 4.89714
1.651 0.138425 -0.017154 -0.019599 12206.3 10501.8 22708.1 4.91199
1.652 0.139933 -0.0146406 -0.0203791 12259.5 10468.8 22728.3 4.93339
1.653 0.141957 -0.0136971 -0.0192146 12323.9 10403 22727 4.95932
1.654 0.139535 -0.018846 -0.0150566 12392.2 10334.6 22726.9 4.98682
1.655 0.141291 -0.0202937 -0.0162897 12455.9 10279.1 22735 5.01244
1.656 0.136967 -0.0216928 -0.01931 12506.4 10224.9 22731.3 5.03277
1.657 0.136621 -0.0225263 -0.0220242 12536.8 10188.6 22725.4 5.04499
1.658 0.137735 -0.0242834 -0.0271211 12542.3 10180.5 22722.9 5.04722
1.659 0.142629 -0.0230961 -0.0327373 12521.3 10199.1 22720.5 5.03876
1.66 0.146367 -0.0230985 -0.030592 12475.4 10254.7 22730.1 5.02028
1.661 0.140694 -0.0249248 -0.0310764 12409.2 10327.1 22736.2 4.99362
1.662 0.141571 -0.0294189 -0.0267401 12329.8 10406.4 22736.3 4.96169
1.663 0.140246 -0.0377429 -0.026814 12246.2 10458.1 22704.3 4.92804
1.664 0.142837 -0.0470803 -0.0287697 12167.2 10543.2 22710.4 4.89626
1.665 0.138924 -0.0500891 -0.0225084 12100.6 10596.7 22697.3 4.86947
1.666 0.143178 -0.0483456 -0.0184844 12051.9 10631.3 22683.2 4.84985
1.667 0.150311 -0.0453784 -0.0205679 12023.5 10645.4 22668.9 4.83843
1.668 0.148948 -0.049957 -0.0196347 12015 10655.1 22670.1 4.835
1.669 0.15091 -0.0458038 -0.0258191 12023.5 10641.7 22665.2 4.83845
1.67 0.148969 -0.0449951 -0.0328975 12044.8 10615.5 22660.3 4.847
1.671 0.1526 -0.0468578 -0.0249803 12074.2 10570.7 22644.9 4.85882
1.672 0.152055 -0.0443878 -0.0310955 12107.8 10533.5 22641.4 4.87237
1.673 0.151844 -0.0471144 -0.03232 12143.2 10501.6 22644.9 4.88661
1.674 0.157268 -0.0433407 -0.0347803 12178.8 10457.8 22636.6 4.90092
1.675 0.153589 -0.045517 -0.0348222 12213.1 10430.5 22643.6 4.91472
1.676 0.151685 -0.0475807 -0.0378994 12245 10397.4 22642.4 4.92757
1.677 0.15046 -0.0469513 -0.0444692 12274.1 10354 22628.1 4.93927
1.678 0.152111 -0.0426149 -0.0392383 12301.2 10325.9 22627.1 4.95018
1.679 0.148737 -0.0432692 -0.0364536 12328.6 10304.4 22633 4.96121
1.68 0.148476 -0.0375381 -0.0358222 12358.6 10272 22630.6 4.97328
1.681 0.1459 -0.0337176 -0.0369239 12391.6 10222.3 22613.9 4.98655
1.682 0.146053 -0.0292573 -0.0409775 12424.6 10184.5 22609.1 4.99982
1.683 0.142679 -0.0268672 -0.0430317 12451.5 10140.8 22592.3 5.01066
1.684 0.141289 -0.0267668 -0.0379291 12465.7 10140.7 22606.5 5.01639
1.685 0.143071 -0.0290457 -0.0402336 12462.6 10149.7 22612.4 5.01515
1.686 0.14629 -0.0263067 -0.0413537 12441.3 10182.9 22624.2 5.00658
1.687 0.143616 -0.0278102 -0.0407844 12404.7 10216.2 22620.8 4.99181
1.688 0.137691 -0.0244032 -0.041431 12358.4 10258.9 22617.4 4.97322
1.689 0.141806 -0.0161131 -0.0382657 12310.2 10278.8 22589 4.95379
1.69 0.14717 -0.0137541 -0.0333724 12267 10329.3 22596.3 4.9364
1.691 0.145689 -0.0157061 -0.0351174 12233.3 10376 22609.3 4.92285
1.692 0.145735 -0.0256585 -0.0357974 12209.4 10378.5 22587.9 4.91324
1.693 0.14126 -0.0264834 -0.0401516 12191.8 10406.7 22598.5 4.90616
1.694 0.140431 -0.024087 -0.0377083 12175.4 10408.8 22584.2 4.89956
1.695 0.1429 -0.0222405 -0.0404353 12155.8 10401 22556.8 4.89167
1.696 0.145311 -0.0230883 -0.0392556 12130.2 10406.3 22536.6 4.88138
1.697 0.147093 -0.0237942 -0.0344615 12097.5 10440.3 22537.8 4.8682
1.698 0.14824 -0.0262468 -0.0334153 12058 10465.6 22523.6 4.8523
1.699 0.150406 -0.0252645 -0.0344377 12013.9 10526.4 22540.2 4.83455
1.7 0.154313 -0.0235946 -0.0334249 11969.7 10556.3 22526.1 4.8168
1.701 0.152223 -0.0260675 -0.0327077 11932.7 10612.5 22545.2 4.80188
1.702 0.151824 -0.0268965 -0.0290227 11911.2 10647.2 22558.3 4.79322
1.703 0.152342 -0.025816 -0.0333488 11912.3 10687.7 22600 4.79367
1.704 0.154821 -0.0212946 -0.0377834 11939.3 10642.7 22582 4.80455
1.705 0.153982 -0.021872 -0.0387008 11990.3 10590.5 22580.8 4.82508
1.706 0.157157 -0.0253487 -0.0331473 12059.1 10504.9 22564 4.85276
1.707 0.158046 -0.0313048 -0.0323683 12137.6 10421.5 22559.1 4.88434
1.708 0.158035 -0.0348721 -0.0304084 12218.5 10351.2 22569.7 4.91689
1.709 0.166393 -0.0290413 -0.0292745 12296.5 10255.4 22551.9 4.94829
1.71 0.17009 -0.0229492 -0.0292473 12368.6 10191.6 22560.2 4.97729
1.711 0.167758 -0.0229435 -0.0300388 12432.9 10132.1 22565 5.00317
1.712 0.168513 -0.0255804 -0.03313 12488.1 10084.1 22572.1 5.02538
1.713 0.167922 -0.0302448 -0.03664 12532.7 10053.6 22586.3 5.04336
1.714 0.170115 -0.0277567 -0.0409826 12566 10019.1 22585.1 5.05674
1.715 0.174713 -0.0290375 -0.0401639 12588 9994.83 22582.8 5.06558
1.716 0.178796 -0.0331106 -0.0420111 12600.1 9981.52 22581.6 5.07046
1.717 0.180935 -0.0361776 -0.0425018 12605.3 9981.09 22586.4 5.07256
1.718 0.178164 -0.0383101 -0.0356144 12606.5 9983.54 22590 5.07304
1.719 0.181321 -0.0419626 -0.0420688 12605.4 9965.62 22571 5.0726
1.72 0.179301 -0.0403643 -0.0443357 12601.7 9976.38 22578.1 5.07112
1.721 0.1734 -0.0404339 -0.0466466 12593.3 9976.47 22569.8 5.06772
1.722 0.172135 -0.0401316 -0.0452065 12577.4 9993.44 22570.8 5.06133
1.723 0.176958 -0.0413504 -0.0428138 12552.4 10025.6 22578 5.05127
1.724 0.172039 -0.0418425 -0.0446658 12518.1 10068.2 22586.3 5.03746
1.725 0.172032 -0.0376625 -0.0432744 12475.9 10112.8 22588.7 5.02047
1.726 0.17222 -0.0378923 -0.0404296 12428.4 10157.9 22586.4 5.00138
1.727 0.170439 -0.03159 -0.0389161 12379.5 10222.4 22601.9 4.98169
1.728 0.16764 -0.0293784 -0.0348412 12333.6 10261.2 22594.8 4.96323
1.729 0.162487 -0.0326066 -0.0349847 12295.6 10294.5 22590.1 4.94793
1.73 0.159565 -0.0317321 -0.0362968 12269.7 10319.2 22588.9 4.93752
1.731 0.153917 -0.0333729 -0.0402131 12258.7 10338.5 22597.2 4.93308
1.732 0.153702 -0.0338416 -0.0359988 12263 10347.2 22610.2 4.93482
1.733 0.15225 -0.0362329 -0.036833 12280.5 10339.2 22619.7 4.94186
1.734 0.15411 -0.0379399 -0.0377991 12306.2 10309.9 22616 4.95217
1.735 0.152062 -0.0373437 -0.0356381 12333.2 10291 22624.2 4.96305
1.736 0.150561 -0.0390253 -0.0312769 12354.8 10258.6 22613.4 4.97176
1.737 0.149386 -0.0412942 -0.0282524 12366.1 10218.8 22584.9 4.97629
1.738 0.151832 -0.043342 -0.0242689 12364.2 10217.2 22581.3 4.97553
1.739 0.155126 -0.0472405 -0.0260913 12347.9 10226.3 22574.2 4.96896
1.74 0.152789 -0.0439067 -0.0285096 12316.9 10283.3 22600.3 4.95651
1.741 0.158413 -0.0469317 -0.0314221 12272.7 10319.3 22592 4.93872
1.742 0.161707 -0.0542493 -0.0287313 12219.6 10367.8 22587.4 4.91735
1.743 0.162462 -0.0566721 -0.0300717 12166.7 10414.9 22581.7 4.89606
1.744 0.159904 -0.0526924 -0.0288601 12126.2 10446.2 22572.3 4.87974
1.745 0.157977 -0.0495996 -0.027122 12108 10447.7 22555.7 4.87245
1.746 0.15784 -0.0495715 -0.0236307 12115.6 10446.1 22561.6 4.87547
1.747 0.15206 -0.0526862 -0.022235 12144.7 10422.7 22567.5 4.88722
1.748 0.149433 -0.0582395 -0.0206186 12188.5 10370.5 22559 4.90483
1.749 0.151105 -0.0594983 -0.0187902 12239.9 10332.1 22572 4.92551
1.75 0.155356 -0.0605311 -0.0161081 12293.1 10271.7 22564.8 4.94692
1.751 0.160771 -0.0580478 -0.0135866 12343.1 10218.1 22561.2 4.96704
1.752 0.16451 -0.0615411 -0.0171962 12386 10162.1 22548.1 4.98431
1.753 0.168451 -0.0603824 -0.0153108 12418.8 10136.3 22555.2 4.99752
1.754 0.164952 -0.0614171 -0.0140252 12439.7 10127.3 22567.1 5.00592
1.755 0.164473 -0.0627503 -0.0103889 12447.5 10130.1 22577.7 5.00907
1.756 0.161219 -0.0665412 -0.00709391 12442.2 10145 22587.2 5.00692
1.757 0.158179 -0.0642219 -0.00484419 12424.2 10151.1 22575.3 4.9997
1.758 0.157473 -0.060946 -0.00574401 12395.7 10190.3 22586 4.98821
1.759 0.156552 -0.0617776 -0.00782922 12360.2 10237.8 22598 4.97392
1.76 0.154532 -0.0612035 -0.0113454 12322.7 10286.1 22608.8 4.95882
1.761 0.158442 -0.0587792 -0.0079613 12288.7 10303.6 22592.3 4.94513
1.762 0.165249 -0.0576515 -0.0108056 12263.3 10324.3 22587.6 4.93494
1.763 0.16113 -0.0584264 -0.0132175 12250.6 10327.5 22578.1 4.92983
1.764 0.157638 -0.057435 -0.0128074 12252.8 10337.3 22590.1 4.9307
1.765 0.155599 -0.0549884 -0.0199647 12269.8 10334.5 22604.3 4.93753
1.766 0.15586 -0.0584831 -0.0262876 12299.4 10314.3 22613.7 4.94946
1.767 0.155097 -0.0605066 -0.0279097 12337.8 10292.5 22630.3 4.96491
1.768 0.158689 -0.0652187 -0.0237708 12380.3 10258.2 22638.5 4.98201
1.769 0.159997 -0.0657611 -0.0228066 12422.2 10205.6 22627.9 4.99888
1.77 0.157219 -0.0660002 -0.0244393 12459.3 10155.4 22614.7 5.01381
1.771 0.165901 -0.0645001 -0.0260977 12488.1 10127.8 22615.9 5.0254
1.772 0.167346 -0.0632522 -0.0299848 12506.4 10088.2 22594.6 5.03274
1.773 0.171278 -0.0542315 -0.0275624 12513.4 10064.5 22577.9 5.03556
1.774 0.175312 -0.050794 -0.024909 12510.1 10066.7 22576.8 5.03425
1.775 0.176525 -0.0519588 -0.0173388 12498.5 10087.8 22586.3 5.02959
1.776 0.17632 -0.047592 -0.0213978 12480.8 10110.3 22591.2 5.02247
1.777 0.170169 -0.0430913 -0.0256073 12458.5 10132.5 22591.1 5.0135
1.778 0.167231 -0.0468869 -0.0266984 12432.4 10176.5 22608.9 5.00298
1.779 0.169213 -0.0520716 -0.0241733 12402 10202.1 22604.1 4.99075
1.78 0.170675 -0.0494493 -0.021543 12366.4 10237.7 22604.1 4.9764
1.781 0.169042 -0.0516184 -0.0180373 12324.5 10301 22625.4 4.95955
1.782 0.162224 -0.0544924 -0.01683 12276.1 10338.7 22614.7 4.94007
1.783 0.156097 -0.0540775 -0.0158825 12221.8 10396.6 22618.4 4.91822
1.784 0.15762 -0.0578477 -0.0134525 12163.2 10449.3 22612.5 4.89466
1.785 0.155669 -0.0553033 -0.0108318 12102.8 10520.4 22623.2 4.87033
1.786 0.151223 -0.0542095 -0.00788116 12043.1 10582.5 22625.6 4.8463
1.787 0.153846 -0.0598667 -0.0107365 11986.8 10624.6 22611.4 4.82365
1.788 0.149888 -0.063165 -0.0104351 11936.5 10667.8 22604.3 4.80341
1.789 0.149252 -0.0628136 -0.0102468 11894.1 10705.4 22599.5 4.78635
1.79 0.152783 -0.0630211 -0.0105624 11860.6 10754.3 22614.9 4.77288
1.791 0.154824 -0.0621681 -0.0144949 11835.6 10804.3 22639.9 4.7628
1.792 0.159195 -0.0618252 -0.0141535 11817.1 10840.5 22657.6 4.75536
1.793 0.15687 -0.0612826 -0.0116444 11802.6 10856.1 22658.8 4.74955
1.794 0.154529 -0.0625793 -0.00985026 11789.9 10879.5 22669.4 4.74442
1.795 0.156267 -0.0635089 -0.0115011 11777.4 10862.4 22639.8 4.73941
1.796 0.154563 -0.061239 -0.0117993 11765 10881.9 22646.9 4.73441
1.797 0.154273 -0.060003 -0.0104036 11753.3 10881.8 22635.1 4.7297
1.798 0.154586 -0.0619707 -0.0123744 11743.6 10884.4 22628 4.7258
1.799 0.156604 -0.0578431 -0.0106158 11737.3 10876.3 22613.7 4.72328
1.8 0.155993 -0.0565429 -0.00749278 11735.5 10868.7 22604.2 4.72254
1.801 0.154404 -0.0571809 -0.00821364 11738.5 10868 22606.5 4.72374
1.802 0.14994 -0.0611597 -0.0118018 11745.7 10866.7 22612.4 4.72663
1.803 0.146623 -0.0651288 -0.012333 11755.7 10853.1 22608.8 4.73065
1.804 0.147631 -0.0661306 -0.0112355 11766.4 10844.7 22611.1 4.73498
1.805 0.149073 -0.0679766 -0.0126469 11775.4 10833.3 22608.6 4.73858
1.806 0.151672 -0.0688548 -0.0108022 11779.7 10845.6 22625.3 4.74031
1.807 0.155723 -0.0681691 -0.00323576 11776.7 10861.5 22638.2 4.73913
1.808 0.154614 -0.0582328 -0.00565064 11764.8 10862.7 22627.5 4.73433
1.809 0.154796 -0.0563941 -0.00430188 11743.3 10879.5 22622.8 4.72569
1.81 0.148787 -0.0603542 0.000706792 11713.4 10905.7 22619.2 4.71366
1.811 0.147791 -0.0625296 0.00293459 11677.7 10953.4 22631.1 4.69929
1.812 0.151538 -0.0629649 0.00277317 11639.7 10984.3 22624 4.68397
1.813 0.155676 -0.0618153 0.00320185 11603.1 11016.1 22619.3 4.66927
1.814 0.161407 -0.0597229 0.00438726 11572.1 11043.7 22615.7 4.65677
1.815 0.156624 -0.0562148 0.00503051 11550.2 11064.3 22614.6 4.64798
1.816 0.157506 -0.0549278 0.00511014 11541 11085.5 22626.5 4.64426
1.817 0.157994 -0.0523872 0.0022782 11546.6 11081 22627.6 4.64653
1.818 0.156423 -0.0541239 0.00573242 11567.3 11069.8 22637.1 4.65485
1.819 0.153169 -0.0595334 0.00753725 11600.3 11040.4 22640.7 4.66811
1.82 0.152607 -0.0566456 0.0101489 11640.3 10999.1 22639.4 4.68423
1.821 0.154947 -0.057008 0.0103625 11681.3 10927 22608.3 4.70073
1.822 0.153659 -0.0547783 0.0122832 11718 10888 22605.9 4.71548
1.823 0.15076 -0.0567648 0.00574481 11747.3 10854 22601.3 4.72727
1.824 0.149954 -0.0547035 0.010065 11769 10852.5 22621.5 4.73603
1.825 0.151741 -0.0519707 0.0117329 11784.9 10826 22610.9 4.7424
1.826 0.153438 -0.0565064 0.0116305 11797 10809.2 22606.1 4.74727
1.827 0.154056 -0.0606177 0.0108063 11806.8 10812.5 22619.3 4.75121
1.828 0.153403 -0.0619133 0.00690472 11814.5 10798.8 22613.3 4.75434
1.829 0.155255 -0.0637288 0.00794345 11819.7 10775.7 22595.4 4.7564
1.83 0.157249 -0.0633318 0.00599281 11821.2 10775.3 22596.6 4.75703
1.831 0.164812 -0.0626481 0.00142853 11818.5 10798.3 22616.8 4.75595
1.832 0.165243 -0.0641437 -0.00203329 11812 10831 22643 4.7533
1.833 0.165586 -0.0624127 0.00282234 11804.1 10835.4 22639.5 4.75012
1.834 0.171019 -0.0630162 0.00421512 11800.4 10835.7 22636 4.74864
1.835 0.179971 -0.0671875 0.0042789 11809.1 10825.9 22635 4.75214
1.836 0.185205 -0.0655422 0.00627792 11838.9 10803.4 22642.2 4.76413
1.837 0.185598 -0.0645614 0.00803179 11895.9 10738.1 22634 4.78707
1.838 0.18449 -0.0654283 0.010749 11980.9 10654.1 22635 4.8213
1.839 0.181075 -0.0657668 0.0127733 12088.7 10551 22639.7 4.86465
1.84 0.186022 -0.0679555 0.011628 12209.4 10452.7 22662.2 4.91324
1.841 0.183776 -0.0651489 0.0180864 12332.4 10342.6 22675 4.96274
1.842 0.184004 -0.0617415 0.0162773 12448.8 10227.4 22676.2 5.00956
1.843 0.184688 -0.0647026 0.0154402 12552.7 10123.5 22676.2 5.05139
1.844 0.182127 -0.060881 0.0150576 12641.4 10046.6 22688 5.08708
1.845 0.18214 -0.0627882 0.0113285 12714 9970.44 22684.4 5.11629
1.846 0.183969 -0.061765 0.0116506 12770.1 9912.01 22682.1 5.13887
1.847 0.187017 -0.0577052 0.0143771 12809.2 9862.19 22671.4 5.15461
1.848 0.186007 -0.0538622 0.0209336 12830.5 9852.71 22683.2 5.16318
1.849 0.189414 -0.0505396 0.0208325 12833.4 9839.12 22672.5 5.16433
1.85 0.18579 -0.0517566 0.0238919 12818.5 9869.47 22688 5.15835
1.851 0.181988 -0.0550668 0.0278687 12788 9883.42 22671.4 5.14606
1.852 0.180782 -0.0608613 0.0341401 12744.5 9905.5 22650 5.12859
1.853 0.181139 -0.0649082 0.0345798 12691 9944.82 22635.8 5.10706
1.854 0.180124 -0.0629355 0.0337367 12629.6 9997.91 22627.5 5.08234
1.855 0.181524 -0.06706 0.0334835 12562.2 10064.2 22626.4 5.0552
1.856 0.17649 -0.0698558 0.0326395 12491.3 10119.7 22611 5.02668
1.857 0.175276 -0.0705673 0.0310469 12420.6 10189.3 22609.9 4.99823
1.858 0.17341 -0.0681077 0.0321155 12354.7 10249.3 22604 4.97172
1.859 0.176282 -0.0672513 0.0363078 12298.6 10320.9 22619.5 4.94913
1.86 0.176218 -0.0695059 0.0371242 12256.4 10364.3 22620.7 4.93214
1.861 0.177492 -0.0731595 0.0425153 12231.3 10372.8 22604.1 4.92203
1.862 0.176364 -0.0819399 0.0398679 12224.9 10375.6 22600.5 4.91947
1.863 0.17621 -0.0852666 0.0388584 12237.1 10371.7 22608.7 4.92437
1.864 0.177308 -0.0883565 0.0470772 12265.1 10334 22599.1 4.93566
1.865 0.174994 -0.0857775 0.0446892 12303.9 10295.2 22599.1 4.95126
1.866 0.172299 -0.0830443 0.0389991 12346.1 10232.6 22578.7 4.96823
1.867 0.172426 -0.0836194 0.0393414 12383.8 10188.9 22572.7 4.98341
1.868 0.175728 -0.0836713 0.0368218 12410.3 10169.5 22579.8 4.99407
1.869 0.173258 -0.088393 0.0404844 12420.9 10145.7 22566.6 4.99836
1.87 0.17548 -0.0872295 0.0495811 12414.1 10124 22538.2 4.99563
1.871 0.179547 -0.0817821 0.0556445 12391 10161.5 22552.5 4.98633
1.872 0.176119 -0.0820377 0.0548625 12355.3 10185.4 22540.7 4.97193
1.873 0.177218 -0.0889671 0.0550647 12312.6 10240.1 22552.7 4.95477
1.874 0.178403 -0.0908725 0.0566478 12270 10299.3 22569.3 4.93763
1.875 0.172595 -0.0899644 0.0573506 12234.8 10343 22577.8 4.92346
1.876 0.166811 -0.0872207 0.0557818 12213.5 10376.2 22589.7 4.91489
1.877 0.16532 -0.0849814 0.0575318 12210.7 10392.1 22602.8 4.91374
1.878 0.171625 -0.0856004 0.0559001 12227.4 10378.8 22606.2 4.9205
1.879 0.170411 -0.0862613 0.0553412 12261.7 10342.1 22603.8 4.93428
1.88 0.167142 -0.0868335 0.0552649 12308.4 10296.5 22604.9 4.95307
1.881 0.16602 -0.0917821 0.0542345 12360.5 10228.9 22589.4 4.97403
1.882 0.166605 -0.0888047 0.0551448 12410.1 10188.6 22598.7 4.994
1.883 0.164067 -0.0897651 0.0549808 12449.7 10154.9 22604.5 5.00993
1.884 0.163867 -0.0881354 0.053369 12473.7 10129.6 22603.3 5.01959
1.885 0.161292 -0.0849043 0.05127 12479.6 10107 22586.6 5.02198
1.886 0.166851 -0.0849645 0.044476 12468.1 10109.2 22577.2 5.01733
1.887 0.165443 -0.0857723 0.0407472 12441.9 10129.5 22571.4 5.0068
1.888 0.160243 -0.0880134 0.0400212 12405 10180.7 22585.7 4.99197
1.889 0.158499 -0.0915749 0.0334408 12361.3 10246.9 22608.3 4.97438
1.89 0.157459 -0.0944464 0.0294802 12314 10308.6 22622.7 4.95535
1.891 0.155751 -0.0956483 0.0266621 12265.7 10365.3 22631 4.93591
1.892 0.153931 -0.094563 0.0245297 12218.8 10381.3 22600.2 4.91704
1.893 0.151531 -0.0928081 0.0287261 12176 10413.5 22589.5 4.89979
1.894 0.151898 -0.0909504 0.0353788 12139.8 10469.8 22609.6 4.88523
1.895 0.159672 -0.0975591 0.0356001 12112.3 10477.1 22589.4 4.87418
1.896 0.165412 -0.0993835 0.0392279 12093.9 10520.5 22614.4 4.86677
1.897 0.16984 -0.0983965 0.0442033 12083.1 10536 22619.1 4.86242
1.898 0.16968 -0.0994427 0.0428953 12077.2 10546.6 22623.8 4.86003
1.899 0.170402 -0.0951654 0.0426998 12073 10548.4 22621.4 4.85834
1.9 0.169687 -0.0996467 0.0406006 12068.2 10555.4 22623.7 4.85643
1.901 0.168579 -0.100134 0.0419186 12062.5 10562.5 22625 4.85413
1.902 0.170299 -0.101044 0.0350722 12057.9 10578.9 22636.8 4.85227
1.903 0.167926 -0.102472 0.0343739 12058.6 10577.2 22635.8 4.85254
1.904 0.171154 -0.103813 0.0343077 12068.7 10590.8 22659.5 4.85663
1.905 0.172669 -0.104672 0.0311892 12090.4 10540.6 22630.9 4.86533
1.906 0.169389 -0.103189 0.0334156 12121.5 10509.5 22631 4.87786
1.907 0.166026 -0.107338 0.0323546 12157 10482.1 22639.2 4.89216
1.908 0.168123 -0.107967 0.0313833 12191.9 10442.4 22634.3 4.90621
1.909 0.169061 -0.108556 0.0310953 12223.5 10402.5 22626 4.91893
1.91 0.162305 -0.107515 0.031049 12252.4 10377.2 22629.6 4.93055
1.911 0.161628 -0.103585 0.0317557 12281.2 10360.3 22641.5 4.94214
1.912 0.16098 -0.101981 0.0332792 12312.5 10329.1 22641.6 4.95471
1.913 0.163812 -0.101252 0.0375659 12347 10306.4 22653.4 4.96861
1.914 0.163363 -0.108186 0.0389276 12383.3 10267.7 22651 4.98322
1.915 0.15921 -0.110132 0.0450821 12418.2 10241 22659.2 4.99725
1.916 0.160813 -0.103067 0.0433249 12447.7 10200.7 22648.4 5.00914
1.917 0.159393 -0.101066 0.0366716 12468.1 10154.2 22622.3 5.01736
1.918 0.163241 -0.100109 0.0316262 12476.4 10126.8 22603.2 5.0207
1.919 0.161278 -0.0985198 0.0321753 12470.7 10112.5 22583.1 5.01838
1.92 0.162887 -0.102001 0.033149 12450.2 10127 22577.1 5.01013
1.921 0.163905 -0.101097 0.0322263 12416.2 10171.7 22587.9 4.99645
1.922 0.16514 -0.103669 0.0347836 12372 10220.8 22592.7 4.97867
1.923 0.168466 -0.103052 0.0369694 12323.6 10269.2 22592.8 4.95919
1.924 0.165784 -0.101365 0.0314462 12279.3 10311.3 22590.6 4.94137
1.925 0.170801 -0.104446 0.0296957 12248.4 10331.7 22580.1 4.92895
1.926 0.168426 -0.110794 0.0298965 12239.3 10346.8 22586.1 4.92527
1.927 0.167121 -0.110235 0.0232558 12255.9 10333.7 22589.6 4.93195
1.928 0.165494 -0.104019 0.0209012 12296.1 10301.6 22597.8 4.94814
1.929 0.164162 -0.107971 0.0223081 12351.7 10256.6 22608.2 4.9705
1.93 0.164583 -0.109718 0.0265377 12410.6 10209.2 22619.8 4.99422
1.931 0.167471 -0.109185 0.0241096 12461 10159.9 22620.9 5.0145
1.932 0.170659 -0.103862 0.0243356 12493.8 10138.9 22632.8 5.0277
1.933 0.170235 -0.0989151 0.02161 12504.3 10140.3 22644.6 5.03191
1.934 0.169392 -0.094057 0.0157592 12491.6 10178 22669.6 5.02682
1.935 0.174436 -0.0954942 0.0133636 12457.9 10219 22676.9 5.01323
1.936 0.176957 -0.089404 0.0143275 12406.3 10303.8 22710.2 4.99249
1.937 0.178687 -0.0856552 0.0157299 12340.4 10368.6 22709 4.96597
1.938 0.179366 -0.083837 0.0113354 12263.1 10448.3 22711.4 4.93486
1.939 0.181549 -0.0860913 0.00766754 12176.7 10525.2 22701.9 4.90009
1.94 0.17717 -0.0874074 0.0138388 12083.1 10610.6 22693.7 4.86242
1.941 0.176274 -0.0886509 0.0156803 11984.4 10706.9 22691.4 4.8227
1.942 0.173544 -0.0833905 0.0173283 11883.6 10810.2 22693.8 4.78214
1.943 0.178388 -0.0826027 0.0194263 11785.2 10900.4 22685.6 4.74252
1.944 0.175097 -0.0834687 0.0166311 11693.9 11003.6 22697.5 4.70581
1.945 0.173222 -0.0858617 0.0223979 11614.2 11086.9 22701.1 4.67372
1.946 0.171053 -0.0870538 0.0174884 11548.2 11137.6 22685.7 4.64715
1.947 0.168663 -0.0895581 0.0206022 11495.9 11193.3 22689.2 4.62612
1.948 0.167506 -0.0864644 0.0194806 11456.5 11204.3 22660.8 4.61025
1.949 0.165391 -0.0823541 0.0140942 11429.2 11222.1 22651.2 4.59927
1.95 0.159275 -0.0846674 0.00847235 11414.8 11229.4 22644.2 4.59348
1.951 0.154686 -0.0864356 0.00537288 11415.2 11225.4 22640.7 4.59364
1.952 0.153543 -0.0892727 0.00156023 11433.2 11221.8 22654.9 4.60087
1.953 0.157954 -0.0869563 0.00384045 11471 11189.9 22660.9 4.61611
1.954 0.155721 -0.0866723 0.00244712 11530.2 11129.5 22659.8 4.63993
1.955 0.154185 -0.0916151 5.7146e-05 11610.5 11043.2 22653.8 4.67225
1.956 0.150433 -0.0880704 0.00255814 11709.8 10954.7 22664.5 4.7122
1.957 0.153734 -0.0843921 0.0051598 11824 10846.3 22670.3 4.75814
1.958 0.159304 -0.089161 0.00542778 11947.3 10736 22683.2 4.80775
1.959 0.163693 -0.0858855 0.00142139 12073.2 10640.9 22714.1 4.85841
1.96 0.162056 -0.0799644 -0.0037179 12195.3 10524.7 22719.9 4.90755
1.961 0.162949 -0.0762799 -0.00221395 12308.1 10417.6 22725.7 4.95296
1.962 0.159348 -0.0741968 -0.00281107 12407.6 10295.6 22703.2 4.99302
1.963 0.162017 -0.0749874 0.00233686 12491.1 10200.2 22691.4 5.0266
1.964 0.163491 -0.0708094 0.00301969 12556.5 10139.6 22696.1 5.05292
1.965 0.163347 -0.071208 0.000708103 12602.1 10116.5 22718.6 5.07128
1.966 0.164167 -0.076602 0.00224996 12626.5 10100.4 22726.9 5.08108
1.967 0.168142 -0.0723739 0.00206614 12628.7 10107.7 22736.4 5.08195
1.968 0.17185 -0.0748754 0.00520062 12609.2 10111.9 22721 5.07411
1.969 0.168753 -0.0759625 0.00610757 12570.6 10145.8 22716.3 5.05858
1.97 0.167985 -0.0722413 0.0105894 12517.9 10187.9 22705.8 5.0374
1.971 0.169125 -0.0699525 0.0134015 12458.7 10266.1 22724.9 5.01358
1.972 0.171586 -0.0730085 0.0168545 12401.9 10323.2 22725 4.99069
1.973 0.176436 -0.0722761 0.02022 12356.3 10388.9 22745.2 4.97237
1.974 0.179179 -0.0737658 0.0178397 12329.3 10389.9 22719.2 4.96149
1.975 0.181637 -0.0743227 0.0186367 12324.2 10386.6 22710.8 4.95942
1.976 0.180457 -0.079978 0.020061 12339.9 10353 22692.9 4.96575
1.977 0.181921 -0.0823374 0.0258574 12371.3 10304.8 22676.1 4.9784
1.978 0.184096 -0.0829077 0.0236778 12410.6 10255.9 22666.5 4.9942
1.979 0.183925 -0.082654 0.0270901 12449.1 10181.7 22630.8 5.00968
1.98 0.183774 -0.0828028 0.0255601 12479.2 10147.9 22627.1 5.02179
1.981 0.179754 -0.0810175 0.0263193 12495.9 10116.9 22612.8 5.02852
1.982 0.17424 -0.0798063 0.0249579 12497.2 10116.8 22614.1 5.02907
1.983 0.173691 -0.074811 0.0301743 12484.2 10145.4 22629.6 5.02381
1.984 0.17136 -0.0726728 0.033793 12459.9 10165 22624.9 5.01404
1.985 0.177268 -0.0710154 0.035872 12428.7 10213 22641.7 5.00148
1.986 0.180085 -0.0713148 0.0354388 12395 10260.9 22655.9 4.98795
1.987 0.184441 -0.0704203 0.0347887 12362.5 10278.1 22640.6 4.97486
1.988 0.189734 -0.0729799 0.0296086 12332.8 10303 22635.8 4.96291
1.989 0.194355 -0.0732851 0.0246779 12305.3 10341.1 22646.5 4.95185
1.99 0.19301 -0.0741549 0.0192271 12277.9 10357.8 22635.7 4.9408
1.991 0.199173 -0.0748749 0.0185076 12247.7 10383.1 22630.8 4.92866
1.992 0.198578 -0.0716252 0.0198437 12213.1 10420.2 22633.2 4.91472
1.993 0.199399 -0.0696063 0.0232455 12174 10465.1 22639.1 4.89901
1.994 0.195976 -0.0681748 0.021997 12132.7 10517.3 22649.9 4.88236
1.995 0.193557 -0.0693059 0.0215397 12092.1 10540 22632.2 4.86604
1.996 0.193084 -0.0707765 0.0194222 12056.3 10571.3 22627.5 4.85162
1.9965 0.192701 -0.0722299 0.0183941 12041.3 10583.8 22625.1 4.84561
