# t(1)   sumvx(2)   sumvy(3)   sumvz(4)    kenergy(5)   penergy(6)   energy(7)   red_temp(8)
2.997 0.143421 0.145461 0.138248 11782.6 10099.9 21882.5 4.74148
2.998 0.139636 0.148402 0.139536 11747.6 10132.4 21879.9 4.72739
2.999 0.139569 0.14334 0.136929 11695.9 10195.9 21891.7 4.70658
3 0.133178 0.137686 0.142214 11624 10265.3 21889.3 4.67767
3.001 0.132822 0.136272 0.138582 11537.1 10371.3 21908.5 4.64271
3.002 0.130805 0.133861 0.134495 11448.5 10468.6 21917.1 4.60704
3.003 0.128366 0.130549 0.132689 11373.9 10536.1 21910.1 4.57703
3.004 0.135114 0.129468 0.132696 11325.3 10590.8 21916.1 4.55745
3.005 0.133686 0.128965 0.13404 11308.1 10604.4 21912.5 4.55054
3.006 0.131729 0.129673 0.137483 11321.9 10617.8 21939.7 4.5561
3.007 0.136938 0.132662 0.135459 11361 10585.7 21946.7 4.57183
3.008 0.1411 0.131696 0.13366 11417.5 10520.8 21938.3 4.59458
3.009 0.143866 0.128762 0.131326 11485.3 10460.2 21945.5 4.62187
3.01 0.145954 0.131874 0.129176 11560.7 10390.7 21951.5 4.65221
3.011 0.142447 0.128492 0.130221 11640 10305.5 21945.5 4.6841
3.012 0.136477 0.131495 0.140834 11717.4 10233.9 21951.3 4.71526
3.013 0.134794 0.132797 0.146483 11785.7 10181.1 21966.7 4.74273
3.014 0.129857 0.133917 0.149379 11837.6 10142.1 21979.7 4.76361
3.015 0.125014 0.137305 0.146406 11867.8 10104.7 21972.5 4.77579
3.016 0.12848 0.133933 0.143102 11874.3 10114.9 21989.2 4.7784
3.017 0.132239 0.131389 0.148176 11858.8 10118.7 21977.4 4.77214
3.018 0.135351 0.127336 0.148978 11826.2 10143.1 21969.3 4.75904
3.019 0.136947 0.132287 0.150596 11783.8 10188 21971.8 4.74196
3.02 0.133386 0.134812 0.15117 11739.4 10217.1 21956.5 4.7241
3.021 0.127161 0.13512 0.154262 11700.4 10261 21961.4 4.70842
3.022 0.12625 0.135398 0.15156 11672.6 10286.5 21959.1 4.69723
3.023 0.131187 0.140844 0.153112 11659.5 10293.6 21953.2 4.69197
3.024 0.12937 0.143267 0.154001 11662.1 10293.4 21955.5 4.69301
3.025 0.127157 0.149061 0.149617 11678.6 10267.3 21945.9 4.69964
3.026 0.126899 0.149744 0.14788 11705.2 10240.8 21946 4.71035
3.027 0.12613 0.151241 0.144611 11737.3 10222.9 21960.2 4.72324
3.028 0.13062 0.149433 0.141551 11770.4 10170.7 21941.1 4.73657
3.029 0.128378 0.152333 0.136677 11801.4 10131.3 21932.7 4.74905
3.03 0.124415 0.153669 0.133828 11828.9 10096.7 21925.6 4.76013
3.031 0.120174 0.154771 0.131085 11853.3 10055.7 21909 4.76992
3.032 0.117871 0.153275 0.132498 11875.5 10046.6 21922.1 4.77887
3.033 0.12013 0.150051 0.133923 11896.7 10042 21938.7 4.78742
3.034 0.115585 0.150976 0.13168 11917.3 10034.4 21951.7 4.7957
3.035 0.115924 0.152544 0.133139 11936.3 9988.04 21924.3 4.80334
3.036 0.119781 0.156383 0.129765 11951.9 9962.9 21914.8 4.80962
3.037 0.120666 0.15941 0.126909 11962.3 9952.58 21914.9 4.8138
3.038 0.118438 0.159424 0.125578 11965.9 9951.3 21917.2 4.81527
3.039 0.117778 0.164273 0.123393 11962.4 9952.35 21914.8 4.81386
3.04 0.120763 0.161053 0.124901 11951.9 9990.25 21942.2 4.80963
3.041 0.127816 0.161818 0.120021 11934.4 10011.3 21945.7 4.80259
3.042 0.130674 0.162045 0.120031 11909.1 10061.4 21970.5 4.79238
3.043 0.133577 0.169695 0.115656 11873.6 10081.3 21955 4.77812
3.044 0.135671 0.175255 0.119481 11825.1 10134.6 21959.7 4.7586
3.045 0.133807 0.174362 0.119812 11760.9 10210.6 21971.5 4.73276
3.046 0.131814 0.173738 0.121988 11680.3 10281.8 21962.1 4.70033
3.047 0.129473 0.173572 0.124584 11586.1 10359.5 21945.6 4.66242
3.048 0.129769 0.170923 0.124083 11485.6 10468.4 21954 4.62198
3.049 0.130384 0.169728 0.127238 11390.2 10572.4 21962.6 4.58356
3.05 0.12424 0.169591 0.127964 11312.2 10670.8 21983 4.55219
3.051 0.124714 0.17334 0.126314 11260.7 10722.2 21982.9 4.53146
3.052 0.126618 0.174551 0.118507 11237 10755.3 21992.3 4.52192
3.053 0.129899 0.171272 0.113512 11234.9 10765.5 22000.4 4.5211
3.054 0.131253 0.170065 0.108757 11245 10739.8 21984.8 4.52515
3.055 0.128778 0.165525 0.109043 11258.4 10714.3 21972.8 4.53056
3.056 0.124698 0.165256 0.110108 11269.6 10686.6 21956.2 4.53504
3.057 0.134764 0.161709 0.114986 11276.3 10657.3 21933.6 4.53775
3.058 0.139518 0.158943 0.111588 11279.8 10668.3 21948 4.53914
3.059 0.141066 0.161188 0.110469 11283.9 10678.5 21962.3 4.54079
3.06 0.145245 0.166298 0.107392 11294.3 10695.4 21989.8 4.545
3.061 0.143992 0.161549 0.101794 11317.2 10665.5 21982.7 4.55422
3.062 0.140942 0.161537 0.104258 11357.4 10620.6 21978 4.5704
3.063 0.144252 0.163208 0.102947 11417.5 10568.8 21986.3 4.59456
3.064 0.149352 0.163388 0.0991151 11496.9 10490.5 21987.4 4.62652
3.065 0.148688 0.156087 0.0966566 11592.3 10374.8 21967.2 4.66492
3.066 0.149218 0.156917 0.101008 11698 10264.4 21962.3 4.70743
3.067 0.147121 0.157664 0.094301 11806.4 10155.8 21962.2 4.75106
3.068 0.149327 0.161749 0.0909002 11909.8 10063 21972.8 4.79269
3.069 0.146953 0.160966 0.0943124 12001.1 9953.83 21954.9 4.8294
3.07 0.149781 0.160404 0.0920894 12074.4 9891.12 21965.6 4.85893
3.071 0.144687 0.160803 0.0937674 12126.4 9833.2 21959.6 4.87985
3.072 0.145394 0.162749 0.090503 12155.6 9806.34 21961.9 4.89159
3.073 0.149862 0.160623 0.0888948 12162.7 9774.46 21937.1 4.89444
3.074 0.153126 0.159764 0.0874472 12149.9 9786.08 21936 4.88931
3.075 0.156243 0.154633 0.090023 12121 9810.32 21931.3 4.87765
3.076 0.154374 0.15211 0.0937228 12080 9833.64 21913.6 4.86115
3.077 0.153341 0.148528 0.0904788 12031.3 9896.56 21927.8 4.84156
3.078 0.152992 0.148155 0.0830502 11979 9961.93 21940.9 4.82053
3.079 0.151129 0.150765 0.0809757 11927 10029.4 21956.4 4.79958
3.08 0.149136 0.148736 0.0816989 11878.4 10079.3 21957.7 4.78005
3.081 0.150294 0.1477 0.0774899 11836.3 10121.5 21957.7 4.76309
3.082 0.154299 0.145653 0.0744776 11802.8 10136 21938.8 4.74961
3.083 0.160722 0.142396 0.0725765 11779.2 10156 21935.2 4.7401
3.084 0.159719 0.138171 0.0733638 11765.6 10180.2 21945.8 4.73466
3.085 0.158406 0.141214 0.0729663 11761.3 10175 21936.3 4.73293
3.086 0.163357 0.137919 0.0746715 11764.6 10170.6 21935.2 4.73424
3.087 0.161089 0.140293 0.0733879 11773.2 10170.2 21943.4 4.7377
3.088 0.159148 0.140731 0.0701282 11785 10147.6 21932.6 4.74247
3.089 0.159097 0.13963 0.067466 11798.7 10138.8 21937.5 4.74795
3.09 0.160347 0.138768 0.0700688 11813.7 10120.2 21933.9 4.754
3.091 0.159123 0.143026 0.0664358 11830.7 10089 21919.7 4.76086
3.092 0.160759 0.142429 0.0620842 11851 10062.8 21913.8 4.76902
3.093 0.166067 0.142371 0.0685983 11875.6 10043 21918.6 4.7789
3.094 0.162912 0.146921 0.0658422 11904.5 10049.7 21954.2 4.79054
3.095 0.165676 0.143533 0.0598302 11937 9999.44 21936.4 4.80361
3.096 0.164513 0.143531 0.0592694 11971 9970.1 21941.1 4.8173
3.097 0.161085 0.14471 0.0581737 12003.9 9947.81 21951.7 4.83055
3.098 0.163126 0.150426 0.0575175 12032.5 9948.72 21981.2 4.84206
3.099 0.164289 0.146035 0.0637145 12053.7 9928.71 21982.4 4.85058
3.1 0.167112 0.146471 0.0637407 12064.4 9911.96 21976.4 4.85489
3.101 0.167081 0.151419 0.0606642 12062 9911.98 21974 4.85392
3.102 0.165375 0.152567 0.0650711 12044.4 9909.35 21953.7 4.84683
3.103 0.167419 0.157716 0.0641346 12010.4 9949.27 21959.7 4.83315
3.104 0.166141 0.162797 0.0646648 11959.6 10008.3 21967.9 4.81272
3.105 0.162876 0.165332 0.0650291 11893.1 10078.3 21971.5 4.78597
3.106 0.160237 0.169119 0.0603161 11813.6 10173.4 21987 4.75396
3.107 0.162799 0.167365 0.0594559 11725.3 10232 21957.4 4.71845
3.108 0.160372 0.166776 0.0554314 11634.8 10304.8 21939.6 4.68202
3.109 0.166231 0.166284 0.0556345 11550 10389.8 21939.7 4.64788
3.11 0.169526 0.165743 0.0520563 11478.9 10471.7 21950.5 4.61926
3.111 0.168341 0.160141 0.0548296 11427.2 10526.8 21954.1 4.59849
3.112 0.167341 0.154741 0.0586214 11396.3 10573.1 21969.4 4.58604
3.113 0.169826 0.154976 0.0626259 11382.5 10591.6 21974.1 4.58048
3.114 0.171565 0.15361 0.0584068 11379 10596 21975.1 4.57909
3.115 0.173344 0.155343 0.0570278 11379 10616.2 21995.2 4.57909
3.116 0.175793 0.153765 0.0565453 11377.8 10622.1 22000 4.5786
3.117 0.178467 0.148908 0.0578003 11374 10621.3 21995.3 4.57706
3.118 0.178133 0.149294 0.0569477 11369.3 10665.2 22034.4 4.57515
3.119 0.175027 0.146314 0.0600667 11367.1 10672 22039.2 4.5743
3.12 0.174082 0.14607 0.0618615 11371.6 10647.4 22019 4.57609
3.121 0.170749 0.147516 0.0641942 11385.8 10647.4 22033.3 4.58181
3.122 0.172132 0.139944 0.065475 11412.1 10617.7 22029.8 4.59239
3.123 0.171936 0.13949 0.0640614 11452.3 10572.7 22025.1 4.60859
3.124 0.170161 0.136388 0.0604728 11508.8 10494.9 22003.7 4.63131
3.125 0.177814 0.135705 0.0614648 11583.3 10406.3 21989.6 4.66129
3.126 0.176389 0.135188 0.0578028 11675.2 10322.6 21997.8 4.69828
3.127 0.178668 0.135313 0.0554991 11779.5 10220.6 22000 4.74022
3.128 0.177264 0.135008 0.0582726 11886.4 10113.4 21999.8 4.78328
3.129 0.179196 0.13164 0.0630312 11984.4 10023.6 22007.9 4.82268
3.13 0.181938 0.125477 0.0684443 12062.4 9953.69 22016.1 4.85409
3.131 0.186973 0.124423 0.0701318 12113.1 9873.24 21986.4 4.87451
3.132 0.186723 0.12899 0.0652299 12133.5 9863.68 21997.2 4.88269
3.133 0.189217 0.132228 0.0655761 12124.6 9865.45 21990.1 4.87912
3.134 0.192099 0.134054 0.0667024 12091.6 9893.85 21985.4 4.86583
3.135 0.190059 0.135269 0.0689635 12042 9941.22 21983.2 4.84586
3.136 0.197201 0.139545 0.0646129 11984.3 9977.66 21962 4.82267
3.137 0.197784 0.136393 0.0677733 11926.5 10019 21945.4 4.79939
3.138 0.195614 0.138324 0.0726438 11873.7 10089.6 21963.3 4.77815
3.139 0.194217 0.141989 0.0690408 11828.1 10135.3 21963.3 4.75979
3.14 0.191186 0.148486 0.0646501 11788.4 10160.6 21949 4.74384
3.141 0.194245 0.14882 0.0589538 11751.7 10191.3 21943 4.72906
3.142 0.196611 0.154497 0.0561938 11714.2 10232.4 21946.6 4.71395
3.143 0.200565 0.158848 0.0576472 11672.7 10279.8 21952.5 4.69726
3.144 0.205943 0.159099 0.0588784 11626.1 10334.8 21960.8 4.67849
3.145 0.210132 0.162854 0.0586925 11575.3 10391.4 21966.7 4.65808
3.146 0.210511 0.158636 0.0643392 11524.2 10451.1 21975.2 4.63749
3.147 0.209424 0.1565 0.0644708 11478.2 10488.8 21967 4.61901
3.148 0.205698 0.156718 0.0709181 11444.1 10526.6 21970.7 4.60526
3.149 0.205195 0.158255 0.0748119 11427.5 10532.5 21960 4.59859
3.15 0.204847 0.162071 0.0789866 11432.1 10525.7 21957.7 4.60043
3.151 0.201847 0.159804 0.0745492 11457.7 10505.9 21963.6 4.61074
3.152 0.202742 0.159998 0.0691447 11500.8 10462.7 21963.5 4.62807
3.153 0.19916 0.161799 0.0725412 11555 10391.7 21946.7 4.6499
3.154 0.192485 0.167433 0.0751872 11612.9 10321.8 21934.7 4.67318
3.155 0.187639 0.170992 0.0702748 11667 10274.8 21941.7 4.69497
3.156 0.191295 0.172249 0.0691428 11711.4 10222 21933.4 4.71284
3.157 0.187615 0.169752 0.0724764 11741.5 10197.8 21939.3 4.72494
3.158 0.18888 0.170112 0.0723166 11754.3 10180.3 21934.5 4.73009
3.159 0.18422 0.168655 0.0775428 11748.5 10198 21946.4 4.72776
3.16 0.182118 0.16891 0.0774689 11724.3 10215.1 21939.3 4.71802
3.161 0.178213 0.1598 0.077348 11683.7 10249.7 21933.5 4.7017
3.162 0.176978 0.156865 0.0747058 11630.7 10311.1 21941.9 4.68038
3.163 0.173574 0.155988 0.0753763 11571 10348.3 21919.4 4.65636
3.164 0.175658 0.15526 0.0758147 11511.7 10409 21920.7 4.63247
3.165 0.177983 0.15365 0.0723006 11460 10456.2 21916.2 4.61167
3.166 0.177544 0.155912 0.0715262 11422.6 10490.1 21912.7 4.59662
3.167 0.173435 0.15622 0.0777202 11404.4 10494 21898.4 4.5893
3.168 0.171452 0.155046 0.0768237 11408 10471.5 21879.5 4.59075
3.169 0.170643 0.160246 0.0776982 11433.4 10424.7 21858.2 4.60098
3.17 0.174273 0.159179 0.0773311 11478.6 10387.7 21866.3 4.61916
3.171 0.175957 0.158004 0.0763821 11539.8 10319.4 21859.2 4.64378
3.172 0.17197 0.161685 0.0790254 11612 10242.4 21854.4 4.67283
3.173 0.175076 0.162774 0.0793278 11689.3 10178.1 21867.3 4.70393
3.174 0.175134 0.160448 0.0805937 11765.6 10083.8 21849.4 4.73466
3.175 0.173031 0.1613 0.0816685 11834.9 10027.4 21862.4 4.76255
3.176 0.174255 0.15939 0.0789411 11891.7 9992.01 21883.7 4.78537
3.177 0.181022 0.152535 0.0818915 11931.5 9936.66 21868.2 4.80142
3.178 0.180804 0.149782 0.0816798 11951.9 9936.55 21888.4 4.8096
3.179 0.181946 0.151532 0.0825515 11952 9931.72 21883.7 4.80964
3.18 0.185645 0.152334 0.0797133 11932.9 9946.14 21879 4.80197
3.181 0.187267 0.157641 0.0758419 11897.6 10000.4 21898 4.78777
3.182 0.183858 0.158761 0.0818496 11851 10060.2 21911.2 4.76902
3.183 0.187197 0.16344 0.0792975 11799.7 10110.5 21910.2 4.74835
3.184 0.190394 0.168422 0.0788875 11751.2 10168.6 21919.8 4.72887
3.185 0.188175 0.164913 0.0749412 11713.7 10226.4 21940 4.71375
3.186 0.193553 0.167603 0.0800223 11693.6 10245.4 21938.9 4.70566
3.187 0.193398 0.16424 0.0765471 11694.8 10234.6 21929.4 4.70616
3.188 0.196118 0.161241 0.0767345 11717.3 10183.5 21900.9 4.71522
3.189 0.195633 0.162376 0.0753212 11757 10137.8 21894.8 4.73118
3.19 0.195993 0.161916 0.0761948 11806.7 10105.8 21912.5 4.75119
3.191 0.197315 0.163769 0.0744762 11858.2 10081.5 21939.7 4.7719
3.192 0.194161 0.161686 0.0779247 11903.5 10014.7 21918.2 4.79014
3.193 0.192002 0.16103 0.0766659 11936.6 9982.67 21919.3 4.80348
3.194 0.192849 0.158304 0.0735273 11953.7 9933.63 21887.3 4.81032
3.195 0.191494 0.151424 0.0739794 11952.4 9932.49 21884.9 4.80981
3.196 0.186981 0.147987 0.0766077 11932.2 9968.14 21900.3 4.80169
3.197 0.186629 0.145607 0.0752821 11893.9 10023 21917 4.78629
3.198 0.183773 0.145101 0.0764799 11840.3 10069.6 21909.9 4.76471
3.199 0.18771 0.144402 0.073451 11775.6 10134.4 21910 4.73866
3.2 0.195772 0.14383 0.0738668 11705.2 10207.2 21912.4 4.71033
3.201 0.196157 0.145066 0.0684614 11634.8 10254 21888.8 4.682
3.202 0.192543 0.147598 0.0664568 11569.5 10319.3 21888.8 4.65572
3.203 0.198531 0.144084 0.06709 11513.4 10374.2 21887.6 4.63316
3.204 0.198819 0.144744 0.0662565 11469.4 10432.4 21901.8 4.61546
3.205 0.198627 0.1476 0.0658007 11439.2 10471 21910.2 4.60332
3.206 0.198872 0.148241 0.0686235 11423.2 10457.2 21880.5 4.59687
3.207 0.19812 0.147053 0.0723534 11420.3 10480.3 21900.6 4.59569
3.208 0.197652 0.14155 0.077693 11428.3 10447.3 21875.7 4.59892
3.209 0.202022 0.133914 0.0793781 11444.9 10431.9 21876.8 4.6056
3.21 0.201252 0.132609 0.0854359 11468.1 10426.6 21894.7 4.61491
3.211 0.203265 0.130648 0.0837574 11496.7 10434.9 21931.5 4.62643
3.212 0.201221 0.128438 0.0855198 11530.2 10401.2 21931.4 4.63992
3.213 0.200568 0.128272 0.084734 11567.9 10374.2 21942.1 4.65508
3.214 0.202558 0.130588 0.0837383 11607.8 10325.9 21933.7 4.67116
3.215 0.198641 0.130645 0.0781116 11647.3 10285.3 21932.6 4.68702
3.216 0.198342 0.129214 0.072937 11683.2 10248.1 21931.4 4.7015
3.217 0.192996 0.133034 0.0718651 11714 10211.3 21925.4 4.7139
3.218 0.186569 0.129847 0.0672622 11739.9 10195.1 21935 4.72429
3.219 0.193051 0.130381 0.0697989 11762.4 10192.8 21955.2 4.73335
3.22 0.193259 0.131008 0.0743761 11784.4 10155.4 21939.8 4.7422
3.221 0.191826 0.126744 0.075541 11808.2 10157.8 21965.9 4.75178
3.222 0.188324 0.126383 0.0772471 11834.9 10116.8 21951.6 4.76253
3.223 0.191594 0.124268 0.0796933 11863.7 10084.3 21948 4.77414
3.224 0.194652 0.118332 0.0766678 11892.2 10060.6 21952.8 4.78559
3.225 0.191015 0.117092 0.0752635 11916.7 10038.4 21955.1 4.79544
3.226 0.190956 0.113806 0.0771248 11933.7 10014.2 21947.9 4.80229
3.227 0.187956 0.113237 0.077539 11940.6 9997.8 21938.4 4.80506
3.228 0.185679 0.118396 0.0761278 11936.2 9997.44 21933.6 4.8033
3.229 0.187875 0.116871 0.0735613 11920.7 10011.7 21932.4 4.79707
3.23 0.190355 0.113111 0.0699269 11895.4 10030 21925.3 4.78687
3.231 0.194397 0.112566 0.0720107 11862 10071.7 21933.7 4.77344
3.232 0.197493 0.117983 0.0701739 11823.5 10098.4 21921.9 4.75796
3.233 0.197665 0.121236 0.0693901 11783.8 10120.5 21904.2 4.74196
3.234 0.202312 0.118594 0.0655821 11747.1 10146.6 21893.7 4.7272
3.235 0.197797 0.11847 0.0585401 11717.4 10154.9 21872.2 4.71524
3.236 0.198423 0.109897 0.0574692 11696.8 10188.6 21885.3 4.70694
3.237 0.200651 0.11371 0.054672 11684.8 10195.8 21880.6 4.70213
3.238 0.201952 0.114437 0.0606067 11679.3 10201.3 21880.6 4.69991
3.239 0.203141 0.114413 0.0641346 11677.4 10193.6 21871.1 4.69917
3.24 0.206556 0.115499 0.0658293 11677.4 10225.6 21903.1 4.69917
3.241 0.20883 0.114394 0.0674801 11679 10225.2 21904.3 4.69981
3.242 0.206038 0.117418 0.0682096 11683.3 10237.6 21920.9 4.70153
3.243 0.210842 0.11944 0.0691118 11692 10205.2 21897.2 4.70502
3.244 0.213202 0.119249 0.0622807 11706.6 10202.4 21909 4.71093
3.245 0.209071 0.113763 0.061255 11727.8 10176.5 21904.3 4.71944
3.246 0.211155 0.113543 0.05862 11754.4 10158.2 21912.6 4.73014
3.247 0.212926 0.114877 0.0585122 11783.8 10133.5 21917.3 4.74199
3.248 0.211024 0.113038 0.0566583 11812.8 10124.6 21937.4 4.75365
3.249 0.206541 0.112959 0.0525727 11838.1 10087.4 21925.6 4.76384
3.25 0.212695 0.117326 0.0483794 11857.4 10055 21912.4 4.7716
3.251 0.214072 0.111704 0.0497766 11869.5 10039.3 21908.9 4.77648
3.252 0.212091 0.11362 0.0460505 11874.8 10035.3 21910.1 4.77857
3.253 0.210283 0.116772 0.0458131 11874.7 10034.3 21909 4.77855
3.254 0.213841 0.116477 0.0520387 11872.2 10044 21916.2 4.77754
3.255 0.217474 0.116868 0.0568509 11871.3 10024.7 21896.1 4.7772
3.256 0.218093 0.112274 0.0589056 11876.6 10024.3 21900.9 4.77933
3.257 0.216227 0.110612 0.0640383 11891.6 10012.9 21904.4 4.78535
3.258 0.216402 0.112567 0.0648756 11917.4 9998.88 21916.2 4.79572
3.259 0.215141 0.10682 0.0646896 11951.6 9936.06 21887.6 4.80949
3.26 0.216363 0.106763 0.0671215 11988.2 9914.77 21902.9 4.82422
3.261 0.218242 0.110516 0.0638199 12018.3 9892.74 21911.1 4.83635
3.262 0.214704 0.10921 0.0656328 12032.5 9876.11 21908.6 4.84203
3.263 0.214649 0.113389 0.0713778 12022.7 9903.53 21926.2 4.83811
3.264 0.215251 0.122118 0.0714321 11985 9961.44 21946.5 4.82294
3.265 0.217673 0.123562 0.0713005 11920.1 10003.9 21924 4.79683
3.266 0.218769 0.126277 0.0736351 11834.1 10082.9 21917.1 4.76223
3.267 0.216971 0.123564 0.0740585 11737.3 10183.5 21920.8 4.72325
3.268 0.214186 0.124224 0.0713053 11642 10292.1 21934 4.68489
3.269 0.219069 0.127616 0.0711813 11559.9 10392.1 21951.9 4.65186
3.27 0.212474 0.126654 0.0695934 11499.2 10461 21960.2 4.62745
3.271 0.212327 0.125046 0.0703402 11463.2 10493.5 21956.7 4.61297
3.272 0.213603 0.125694 0.0694098 11450.5 10509.6 21960.2 4.60786
3.273 0.214808 0.129267 0.0705776 11457.6 10500.2 21957.7 4.61069
3.274 0.211808 0.127209 0.0687647 11480.4 10477.3 21957.7 4.61988
3.275 0.214846 0.125196 0.0688553 11515.7 10433.6 21949.3 4.63409
3.276 0.217644 0.129172 0.0686257 11560.7 10388.6 21949.3 4.6522
3.277 0.21982 0.132044 0.0717487 11612.2 10334.6 21946.8 4.67291
3.278 0.224714 0.132933 0.0747216 11666.5 10311.2 21977.7 4.69475
3.279 0.22991 0.137393 0.0708406 11719.8 10268.5 21988.3 4.71623
3.28 0.232 0.139322 0.0668449 11769.2 10218 21987.2 4.73608
3.281 0.228161 0.1404 0.065428 11812.3 10166.6 21978.9 4.75345
3.282 0.230422 0.142542 0.0702446 11848.3 10128.2 21976.5 4.76792
3.283 0.229339 0.136915 0.0722616 11877 10103.1 21980.1 4.77946
3.284 0.22888 0.135438 0.071716 11898.8 10096.8 21995.6 4.78827
3.285 0.226518 0.140472 0.0676929 11914.6 10081 21995.6 4.79462
3.286 0.228102 0.14402 0.0729839 11925 10077.7 22002.7 4.79881
3.287 0.228774 0.144054 0.073104 11930.4 10055.7 21986.1 4.80097
3.288 0.233991 0.141298 0.0732981 11930.3 10028.6 21958.9 4.80094
3.289 0.237448 0.138798 0.074201 11923.9 10038.5 21962.4 4.79835
3.29 0.235977 0.135834 0.0740182 11910.6 10037.5 21948.1 4.79301
3.291 0.233026 0.135141 0.0738301 11890.5 10045.7 21936.3 4.78492
3.292 0.23651 0.133724 0.0788026 11865 10072.5 21937.5 4.77464
3.293 0.244096 0.131271 0.0804846 11836.9 10107.8 21944.7 4.76335
3.294 0.241115 0.126758 0.0813444 11810.5 10153.4 21963.8 4.7527
3.295 0.240323 0.128853 0.0767196 11790.1 10176.2 21966.2 4.74449
3.296 0.243424 0.130012 0.0765951 11779.3 10184.6 21963.8 4.74015
3.297 0.244658 0.123923 0.0801409 11779.3 10179.7 21959 4.74016
3.298 0.248382 0.127553 0.0821097 11788.4 10181.2 21969.6 4.74384
3.299 0.249979 0.123225 0.0866455 11803 10170.2 21973.1 4.74968
3.3 0.251463 0.123926 0.0870183 11818.3 10154.8 21973.1 4.75584
3.301 0.247677 0.121481 0.0865252 11830.4 10130.8 21961.2 4.76072
3.302 0.243893 0.121605 0.0814197 11836.6 10116.2 21952.8 4.76323
3.303 0.241241 0.121346 0.0773542 11835.7 10143.2 21979 4.76286
3.304 0.242595 0.118843 0.0725389 11828 10148.7 21976.6 4.75974
3.305 0.241902 0.124319 0.0691062 11815 10161.7 21976.7 4.75452
3.306 0.240283 0.123588 0.0632216 11799.5 10171.2 21970.7 4.74829
3.307 0.237343 0.124618 0.0584971 11784.5 10161.4 21945.9 4.74224
3.308 0.234316 0.122607 0.0612587 11772.8 10172 21944.7 4.73753
3.309 0.235509 0.124042 0.0675161 11766.6 10180.5 21947.1 4.73504
3.31 0.233523 0.123209 0.0708944 11767 10146.7 21913.8 4.73523
3.311 0.230549 0.119986 0.0734564 11773.9 10132.8 21906.6 4.73797
3.312 0.22726 0.1161 0.0710932 11785.7 10111.4 21897.1 4.74272
3.313 0.229712 0.119766 0.0763984 11800.3 10090.8 21891.1 4.7486
3.314 0.228442 0.114928 0.0791097 11815.1 10080.7 21895.9 4.75458
3.315 0.225721 0.109389 0.0762374 11827.7 10059.8 21887.5 4.75965
3.316 0.225615 0.110296 0.0748868 11835.9 10071.8 21907.7 4.76294
3.317 0.220545 0.115192 0.0711133 11838 10079.2 21917.2 4.76378
3.318 0.225284 0.113498 0.0708315 11832.5 10088.3 21920.8 4.76155
3.319 0.222496 0.111251 0.069906 11817.8 10086.3 21904.1 4.75567
3.32 0.220852 0.108823 0.0672281 11793.1 10102.6 21895.7 4.74572
3.321 0.223068 0.107381 0.0659163 11758.5 10142 21900.6 4.7318
3.322 0.220472 0.110074 0.0644817 11716.6 10198.3 21914.9 4.71492
3.323 0.223331 0.108218 0.0649157 11671.2 10230.7 21901.9 4.69666
3.324 0.225811 0.111243 0.0681748 11626.6 10283.7 21910.3 4.67873
3.325 0.227726 0.111936 0.0679679 11586.4 10354.9 21941.3 4.66252
3.326 0.230008 0.112075 0.0638888 11552.8 10398 21950.8 4.649
3.327 0.232742 0.115067 0.0630748 11528.1 10417.9 21946 4.63907
3.328 0.231104 0.117126 0.0652483 11514.6 10430.3 21944.9 4.63363
3.329 0.229854 0.116783 0.0651624 11513.1 10440 21953.2 4.63305
3.33 0.225876 0.11829 0.0651958 11522.4 10427.2 21949.6 4.63677
3.331 0.230398 0.116088 0.0635376 11537.9 10408 21945.8 4.643
3.332 0.228356 0.115374 0.0580971 11553.4 10389.9 21943.3 4.64926
3.333 0.229392 0.11799 0.0543828 11562.6 10390.2 21952.8 4.65297
3.334 0.225643 0.122231 0.0525253 11560.6 10428.9 21989.5 4.65216
3.335 0.229512 0.121869 0.0531886 11545.2 10466.9 22012.1 4.64596
3.336 0.234165 0.120982 0.0458257 11517.5 10485.2 22002.7 4.63482
3.337 0.239744 0.115203 0.048631 11482.1 10514.7 21996.8 4.62057
3.338 0.247214 0.114666 0.050904 11445.9 10552.1 21998.1 4.60601
3.339 0.245476 0.117692 0.0522845 11416.2 10581.9 21998.1 4.59406
3.34 0.246861 0.122897 0.0529339 11398.3 10621.1 22019.5 4.58686
3.341 0.244349 0.126658 0.0471023 11394.6 10626.1 22020.6 4.58535
3.342 0.247234 0.128463 0.0473399 11404.9 10613.5 22018.4 4.58948
3.343 0.250222 0.125905 0.0486269 11427.7 10588.2 22015.9 4.59869
3.344 0.25277 0.131021 0.0469522 11461.1 10554.8 22015.9 4.61211
3.345 0.254447 0.134427 0.0447164 11502.2 10507.6 22009.9 4.62866
3.346 0.251583 0.133479 0.0478184 11547.6 10439.6 21987.3 4.64694
3.347 0.251374 0.13067 0.049408 11593.2 10384.5 21977.7 4.66527
3.348 0.251125 0.128611 0.0502756 11634.7 10314.5 21949.2 4.68198
3.349 0.24555 0.128667 0.0497718 11668.6 10295.9 21964.5 4.69561
3.35 0.248749 0.127545 0.0497704 11692.5 10281.6 21974.1 4.70523
3.351 0.250702 0.127535 0.0486302 11706.1 10283.4 21989.5 4.7107
3.352 0.253552 0.121589 0.0485187 11710.9 10281 21992 4.71265
3.353 0.254872 0.122783 0.0461893 11709.8 10268 21977.8 4.71217
3.354 0.25503 0.118752 0.0437431 11705.4 10270.1 21975.5 4.71043
3.355 0.248626 0.121691 0.0491366 11699.5 10272.3 21971.8 4.70805
3.356 0.250669 0.123347 0.051383 11691.8 10300.2 21991.9 4.70494
3.357 0.24685 0.123004 0.0552607 11680.8 10329 22009.8 4.70053
3.358 0.241938 0.124901 0.0616908 11665.3 10355.2 22020.5 4.69427
3.359 0.243145 0.12427 0.0646005 11645.3 10370.4 22015.7 4.68623
3.36 0.244973 0.127677 0.0579004 11622.9 10364.4 21987.3 4.6772
3.361 0.243495 0.124516 0.0540833 11601.6 10359.7 21961.3 4.66865
3.362 0.248866 0.124497 0.0582023 11585.7 10374.3 21960 4.66224
3.363 0.247478 0.127948 0.0543199 11579 10375 21954.1 4.65956
3.364 0.246462 0.128265 0.0570979 11584.3 10374.5 21958.8 4.66168
3.365 0.245537 0.129697 0.0562863 11602.5 10344.5 21947 4.66903
3.366 0.243488 0.12939 0.0527954 11633.2 10305.5 21938.7 4.68137
3.367 0.242205 0.128501 0.0526776 11674.2 10285.7 21960 4.69788
3.368 0.243321 0.127729 0.0526311 11722.5 10237.4 21959.9 4.7173
3.369 0.242933 0.130989 0.0534909 11773.7 10206.3 21980 4.73791
3.37 0.243451 0.132744 0.050123 11823.4 10181.5 22004.9 4.75791
3.371 0.242104 0.13079 0.0494144 11867.6 10133.7 22001.3 4.77568
3.372 0.241332 0.129491 0.0457504 11903.2 10106.4 22009.6 4.79002
3.373 0.244957 0.131733 0.0438168 11928.2 10083.7 22011.9 4.80009
3.374 0.245744 0.135092 0.0405186 11941.6 10050.1 21991.7 4.80548
3.375 0.246575 0.132336 0.0376962 11943.5 10026.9 21970.4 4.80623
3.376 0.247477 0.132827 0.0352083 11935.3 10025.6 21960.9 4.80295
3.377 0.250705 0.135388 0.0298457 11920.2 10045.5 21965.8 4.79687
3.378 0.252429 0.136104 0.0321484 11902.4 10067 21969.4 4.78969
3.379 0.247123 0.138873 0.0355854 11886.3 10085.4 21971.8 4.78324
3.38 0.248341 0.138353 0.034729 11874.9 10113.6 21988.4 4.77862
3.381 0.249719 0.143695 0.0335214 11867.1 10099.9 21967 4.7755
3.382 0.245593 0.144099 0.0379521 11858.6 10135.5 21994.2 4.77209
3.383 0.243924 0.145238 0.0380411 11843.5 10147.1 21990.6 4.76601
3.384 0.239182 0.148278 0.0360564 11817.7 10191.9 22009.6 4.75561
3.385 0.239035 0.150033 0.0334508 11780.9 10246.5 22027.4 4.74081
3.386 0.238488 0.146598 0.0316074 11736.6 10283.8 22020.4 4.72298
3.387 0.247355 0.149315 0.0289963 11690.3 10324.2 22014.5 4.70434
3.388 0.250843 0.14862 0.0301548 11647.4 10370.8 22018.2 4.68706
3.389 0.24989 0.148007 0.0355049 11611.3 10398.5 22009.8 4.67257
3.39 0.25111 0.14064 0.0393778 11583.4 10437 22020.4 4.66133
3.391 0.252633 0.144118 0.0415238 11563 10436.2 21999.1 4.6531
3.392 0.251295 0.142354 0.0375556 11548.8 10425.3 21974.1 4.64739
3.393 0.250025 0.135856 0.038556 11540.2 10418.5 21958.7 4.64395
3.394 0.249832 0.142179 0.0400933 11537.7 10412.8 21950.4 4.64292
3.395 0.246432 0.142072 0.0422786 11542.2 10392.8 21935 4.64475
3.396 0.242396 0.142107 0.0455135 11555 10365.7 21920.7 4.64988
3.397 0.240517 0.137327 0.0509132 11576.4 10372.9 21949.2 4.65849
3.398 0.245331 0.135098 0.0573839 11605.5 10368.7 21974.2 4.67023
3.399 0.243392 0.132977 0.0592121 11639.9 10312.8 21952.7 4.68406
3.4 0.244454 0.127981 0.0617393 11675.9 10274.4 21950.3 4.69854
3.401 0.24899 0.127523 0.060407 11708.9 10222.3 21931.2 4.71182
3.402 0.250743 0.130208 0.058143 11734.3 10206.4 21940.7 4.72206
3.403 0.248826 0.125168 0.0591816 11748.2 10198.4 21946.6 4.72764
3.404 0.24717 0.123016 0.0591102 11747.6 10190.7 21938.2 4.72739
3.405 0.24979 0.122864 0.0567727 11731.4 10216.4 21947.8 4.72087
3.406 0.25058 0.127916 0.0501184 11700.7 10235.4 21936 4.70852
3.407 0.248918 0.129302 0.0490035 11659.5 10282.6 21942 4.69193
3.408 0.245424 0.13217 0.04321 11614.6 10353.7 21968.3 4.67388
3.409 0.24095 0.134891 0.0393181 11574.3 10402.4 21976.7 4.65765
3.41 0.240293 0.132722 0.0352058 11545.5 10430 21975.6 4.64608
3.411 0.241768 0.138055 0.0327576 11532.1 10444.7 21976.8 4.64068
3.412 0.242432 0.135696 0.0311211 11533.9 10449.9 21983.8 4.64141
3.413 0.242101 0.137937 0.0342267 11548.5 10425.8 21974.2 4.64727
3.414 0.243818 0.135017 0.0397838 11572.6 10399.2 21971.8 4.65696
3.415 0.239758 0.129315 0.0399408 11603.1 10368.7 21971.8 4.66925
3.416 0.238989 0.132119 0.0451984 11637.1 10337 21974.1 4.68292
3.417 0.238519 0.132373 0.0484895 11671.5 10325.2 21996.7 4.69678
3.418 0.233991 0.127667 0.0508046 11702.9 10307.9 22010.8 4.70942
3.419 0.231696 0.128916 0.0512996 11727.8 10292.4 22020.2 4.71945
3.42 0.230046 0.125988 0.050869 11743.1 10287.8 22031 4.72561
3.421 0.232215 0.120389 0.0532815 11747.2 10282.5 22029.7 4.72725
3.422 0.236427 0.12153 0.0512381 11741.2 10268.4 22009.6 4.72484
3.423 0.231246 0.121768 0.0458167 11729.7 10281.3 22010.9 4.72018
3.424 0.229495 0.123568 0.0420082 11719.6 10297.4 22016.9 4.71613
3.425 0.234069 0.11894 0.0391271 11718.8 10307.7 22026.5 4.7158
3.426 0.234353 0.114552 0.0385063 11733.5 10272.8 22006.3 4.72172
3.427 0.234257 0.11368 0.0314395 11766.6 10248 22014.6 4.73503
3.428 0.229925 0.113945 0.0272334 11816.6 10203.8 22020.4 4.75515
3.429 0.230076 0.113147 0.0286033 11878.7 10160.6 22039.2 4.78016
3.43 0.2338 0.10981 0.0290029 11946.1 10091.8 22038 4.80729
3.431 0.235743 0.112044 0.0260222 12011.5 10009.8 22021.3 4.83361
3.432 0.236541 0.116045 0.0270276 12068.1 9959.08 22027.2 4.85638
3.433 0.237297 0.11505 0.0284393 12110.5 9946.18 22056.7 4.87345
3.434 0.234223 0.115251 0.0250015 12135.3 9923.77 22059.1 4.88342
3.435 0.23507 0.115171 0.0253105 12140.8 9879.12 22019.9 4.88563
3.436 0.234222 0.117043 0.024195 12127.3 9903.29 22030.6 4.88021
3.437 0.232538 0.119197 0.0197651 12096.9 9921.84 22018.8 4.86798
3.438 0.234945 0.115407 0.0198653 12052.9 9971.87 22024.8 4.85028
3.439 0.231528 0.110948 0.0199077 11999.9 10019.1 22019 4.82894
3.44 0.22964 0.1182 0.0191035 11942.8 10078.7 22021.4 4.80594
3.441 0.230321 0.111701 0.0177245 11886.3 10129.3 22015.6 4.78322
3.442 0.231405 0.108533 0.0175831 11834.3 10176.5 22010.8 4.7623
3.443 0.231467 0.10962 0.0222225 11788.8 10195.8 21984.7 4.744
3.444 0.230775 0.110512 0.0228159 11749.9 10224 21974 4.72834
3.445 0.228168 0.114389 0.025696 11716.2 10247.1 21963.3 4.71478
3.446 0.222324 0.115412 0.0265708 11685.9 10294 21979.9 4.70258
3.447 0.226141 0.114519 0.027354 11657.7 10311.6 21969.3 4.69123
3.448 0.226271 0.116063 0.027703 11631.6 10348.3 21979.9 4.68072
3.449 0.228701 0.120545 0.0267675 11609.1 10372.1 21981.2 4.67168
3.45 0.233451 0.124053 0.0269642 11592.6 10385 21977.6 4.66505
3.451 0.228226 0.123052 0.0281148 11584.8 10372.7 21957.5 4.66189
3.452 0.226278 0.125358 0.0260555 11587.9 10379.2 21967.1 4.66312
3.453 0.225065 0.124159 0.0241801 11603.8 10381.1 21984.9 4.66953
3.454 0.221735 0.120275 0.0222903 11634 10367.6 22001.6 4.6817
3.455 0.220321 0.121981 0.0217872 11678.9 10326.2 22005.1 4.69977
3.456 0.222382 0.119404 0.0244227 11737.3 10286.8 22024.1 4.72326
3.457 0.218218 0.118225 0.0226521 11805.8 10225.3 22031 4.75082
3.458 0.217482 0.117743 0.0153689 11879.2 10147.1 22026.3 4.78035
3.459 0.220188 0.119499 0.0123648 11950.7 10090.8 22041.5 4.80913
3.46 0.225145 0.121981 0.0153746 12013.3 10029.3 22042.6 4.83433
3.461 0.223707 0.118894 0.0183529 12060.4 9997.54 22057.9 4.85329
3.462 0.222479 0.116792 0.0195869 12087.1 9957.78 22044.9 4.86403
3.463 0.221214 0.119084 0.0177006 12090.5 9977 22067.5 4.86538
3.464 0.223837 0.120641 0.0185856 12070.1 10003.4 22073.4 4.85717
3.465 0.224431 0.112668 0.0180011 12028.5 10062.8 22091.3 4.84043
3.466 0.222144 0.109649 0.0134282 11971.3 10085.6 22056.9 4.81742
3.467 0.224015 0.106002 0.00721729 11907.3 10147.4 22054.7 4.79167
3.468 0.229394 0.1045 0.0130142 11847.4 10217 22064.4 4.76755
3.469 0.230014 0.109472 0.0116979 11801 10259.9 22060.9 4.7489
3.47 0.234541 0.110639 0.013105 11773.3 10266.3 22039.6 4.73775
3.471 0.232454 0.110222 0.0122934 11763.4 10251.2 22014.6 4.73377
3.472 0.237545 0.112192 0.0123826 11766.9 10241.7 22008.6 4.73519
3.473 0.239917 0.116833 0.0158096 11779.4 10222 22001.5 4.74021
3.474 0.241332 0.116585 0.014247 11798.4 10212.5 22010.9 4.74786
3.475 0.241912 0.118667 0.0118116 11823.2 10213.9 22037.1 4.75781
3.476 0.243709 0.115814 0.00976646 11853.4 10171.8 22025.2 4.77
3.477 0.243972 0.10871 0.0121676 11888.7 10147.3 22035.9 4.78417
3.478 0.244184 0.105684 0.0106496 11926.8 10113.7 22040.5 4.79952
3.479 0.23429 0.103494 0.0130526 11964.5 10083.2 22047.6 4.81467
3.48 0.234751 0.102741 0.0124699 11997 10045.9 22042.8 4.82775
3.481 0.236122 0.10288 0.0123533 12019.6 10029.2 22048.7 4.83685
3.482 0.235498 0.100675 0.00693321 12028.5 10025 22053.5 4.84045
3.483 0.232347 0.102409 0.0047282 12021.8 10019.8 22041.6 4.83773
3.484 0.230491 0.105073 0.00932717 11999.7 10037.3 22037 4.82885
3.485 0.230685 0.103762 0.0150185 11964.3 10064.4 22028.7 4.81461
3.486 0.231214 0.107823 0.018337 11918.6 10116.1 22034.7 4.7962
3.487 0.236159 0.108838 0.0212893 11865.1 10169.6 22034.7 4.7747
3.488 0.229532 0.111955 0.0246115 11806.2 10227.4 22033.5 4.75097
3.489 0.232181 0.108103 0.0229847 11743.7 10298.2 22041.9 4.72582
3.49 0.234677 0.10639 0.0254512 11680.4 10365.1 22045.5 4.70035
3.491 0.237241 0.108959 0.0293016 11619.6 10431.9 22051.5 4.67591
3.492 0.234957 0.108696 0.0284095 11565 10487.7 22052.7 4.65392
3.493 0.235013 0.104449 0.026397 11519 10546.7 22065.7 4.63542
3.494 0.23344 0.101496 0.0294919 11482.7 10579.5 22062.2 4.62082
3.495 0.232732 0.108072 0.0277777 11455.4 10610.4 22065.8 4.60982
3.496 0.229945 0.106117 0.0249071 11435.3 10626.9 22062.2 4.60174
3.497 0.224938 0.10465 0.0227728 11420.4 10640.7 22061.1 4.59573
3.498 0.224103 0.100616 0.0250096 11409 10652 22061 4.59113
3.499 0.225102 0.0995264 0.0233188 11400.8 10674.4 22075.3 4.58786
3.5 0.2215 0.102048 0.0264382 11397.5 10692 22089.6 4.58653
3.501 0.216931 0.100296 0.02842 11402.5 10677.7 22080.1 4.58851
3.502 0.217058 0.102926 0.0272138 11420.2 10662.3 22082.6 4.59566
3.503 0.215147 0.105078 0.0289052 11453.8 10618.1 22071.9 4.60916
3.504 0.217018 0.107359 0.0275637 11502 10564.9 22066.9 4.62857
3.505 0.219079 0.107242 0.0199713 11559 10497.2 22056.2 4.65151
3.506 0.217091 0.103554 0.0213605 11615.5 10470.3 22085.8 4.67424
3.507 0.220444 0.0982072 0.0193193 11662.1 10411.7 22073.8 4.69299
3.508 0.224642 0.0935211 0.0156429 11691.8 10397.4 22089.2 4.70494
3.509 0.223345 0.0880213 0.025885 11701.1 10389.3 22090.4 4.70869
3.51 0.229643 0.0903454 0.0244126 11690.2 10405 22095.2 4.7043
3.511 0.233635 0.0951605 0.02729 11662.4 10422.2 22084.6 4.69313
3.512 0.232903 0.100777 0.0280803 11623.3 10460.2 22083.5 4.67737
3.513 0.231977 0.0998759 0.0287892 11579.1 10496.2 22075.3 4.6596
3.514 0.227973 0.0987105 0.0303263 11535.3 10509.2 22044.6 4.64199
3.515 0.229629 0.101402 0.0257282 11495.2 10538.7 22033.9 4.62584
3.516 0.228264 0.101214 0.022456 11459.5 10585.1 22044.6 4.61145
3.517 0.229903 0.0970521 0.0272204 11427.1 10622.2 22049.3 4.59845
3.518 0.232921 0.0978417 0.0239114 11397.4 10638.8 22036.2 4.58647
3.519 0.231969 0.0974002 0.0216841 11370.2 10678 22048.1 4.57552
3.52 0.233988 0.0917733 0.0170565 11346.3 10707.7 22054.1 4.56593
3.521 0.232317 0.088876 0.0185738 11327 10729.4 22056.4 4.55816
3.522 0.232135 0.0902916 0.0146191 11313 10758.8 22071.8 4.55251
3.523 0.238711 0.0921055 0.0159328 11304.4 10754.4 22058.8 4.54904
3.524 0.241287 0.0932031 0.0171821 11301.2 10764.8 22065.9 4.54775
3.525 0.24593 0.0892844 0.0155218 11304.3 10752.2 22056.5 4.549
3.526 0.246199 0.0838065 0.0123572 11315.6 10701.6 22017.3 4.55358
3.527 0.245323 0.0849328 0.0084939 11337.2 10684.9 22022 4.56223
3.528 0.238662 0.0855649 0.00279713 11369.9 10650.9 22020.8 4.57541
3.529 0.235801 0.0901198 -0.00429106 11414.3 10614.9 22029.2 4.59327
3.53 0.236268 0.0948429 -0.00674963 11471 10533.3 22004.3 4.6161
3.531 0.237929 0.0925999 -0.00968027 11540.7 10479.1 22019.7 4.64413
3.532 0.23528 0.0919819 -0.00777197 11622.2 10386.7 22009 4.67695
3.533 0.239663 0.0962906 -0.00553179 11712.2 10274.2 21986.4 4.71315
3.534 0.23837 0.0953207 -0.00513792 11805.9 10176.8 21982.7 4.75087
3.535 0.241114 0.0932493 -0.00378752 11898.9 10093.2 21992.1 4.7883
3.536 0.240582 0.0898581 -0.000453949 11986.9 10040.8 22027.7 4.82371
3.537 0.245195 0.0886335 -0.00166893 12065.6 9964.55 22030.1 4.85536
3.538 0.248493 0.0895834 -2.67029e-05 12130.6 9906.6 22037.2 4.88152
3.539 0.244763 0.0937691 0.00648117 12178.4 9859.91 22038.3 4.90077
3.54 0.241417 0.0915194 0.0121574 12207.1 9813.38 22020.4 4.91229
3.541 0.240111 0.0925732 0.0160456 12215.9 9787.9 22003.8 4.91587
3.542 0.236929 0.0913601 0.0194969 12205.7 9780.41 21986.1 4.91175
3.543 0.239598 0.0921216 0.019619 12177.6 9783.52 21961.1 4.90045
3.544 0.235242 0.0984368 0.0181866 12133.4 9849.1 21982.5 4.88268
3.545 0.239808 0.101646 0.0183525 12075.3 9887.04 21962.3 4.85927
3.546 0.249321 0.102377 0.0150366 12005.7 9951.94 21957.6 4.83126
3.547 0.251221 0.100071 0.0178394 11927.8 10028.7 21956.5 4.79991
3.548 0.256773 0.0993428 0.015501 11845.5 10111.1 21956.5 4.76678
3.549 0.260559 0.103431 0.014513 11764 10189.1 21953.1 4.73402
3.55 0.263807 0.105749 0.0157871 11690.1 10242.8 21932.9 4.70428
3.551 0.266883 0.105214 0.0125213 11630.8 10314.1 21944.9 4.68041
3.552 0.268007 0.105089 0.0159035 11591.8 10336.6 21928.4 4.66471
3.553 0.269711 0.106721 0.0220925 11575.7 10355.1 21930.8 4.65821
3.554 0.266066 0.106837 0.0217915 11581.5 10359.8 21941.4 4.66058
3.555 0.267072 0.110636 0.0244297 11605.8 10354.5 21960.3 4.67034
3.556 0.272025 0.108972 0.025784 11643 10304.2 21947.2 4.68531
3.557 0.26745 0.110199 0.0272477 11686.7 10256.8 21943.5 4.7029
3.558 0.266255 0.105514 0.023941 11730 10221.7 21951.7 4.72032
3.559 0.264359 0.104333 0.0271034 11766.4 10204.2 21970.6 4.73499
3.56 0.265506 0.10297 0.0299411 11791 10196.2 21987.2 4.74488
3.561 0.267754 0.106227 0.0244737 11800.8 10191.1 21992 4.74883
3.562 0.272423 0.105905 0.0215211 11796.1 10181.6 21977.8 4.74692
3.563 0.276019 0.109924 0.0233769 11779.9 10200.3 21980.2 4.74039
3.564 0.269622 0.10984 0.026608 11757.6 10243 22000.5 4.73141
3.565 0.267722 0.109272 0.0299325 11736 10261.2 21997.1 4.72272
3.566 0.265494 0.106126 0.0291848 11721.4 10282.9 22004.3 4.71686
3.567 0.268347 0.11166 0.0286584 11718.8 10292.7 22011.5 4.71583
3.568 0.271246 0.118054 0.0323672 11730.7 10283.1 22013.9 4.72062
3.569 0.266217 0.125141 0.0247812 11757.3 10250.7 22008 4.73131
3.57 0.265373 0.127349 0.0217195 11796.8 10218.2 22015.1 4.74721
3.571 0.265441 0.128633 0.0224133 11846.6 10176.7 22023.3 4.76722
3.572 0.268932 0.133698 0.0199361 11903.2 10127.2 22030.4 4.79001
3.573 0.271183 0.136744 0.0210738 11962.9 10066.2 22029.1 4.81405
3.574 0.274125 0.133913 0.0221076 12021.5 10017 22038.6 4.83764
3.575 0.275203 0.132018 0.0261292 12074.7 9951.87 22026.6 4.85905
3.576 0.277552 0.128021 0.0273013 12118.6 9880.66 21999.3 4.8767
3.577 0.285411 0.132396 0.0278296 12150.2 9837.21 21987.4 4.8894
3.578 0.282959 0.134464 0.0274096 12168 9798 21966 4.89656
3.579 0.27918 0.135141 0.0296974 12172 9809.4 21981.4 4.89818
3.58 0.281193 0.139322 0.0283184 12163.7 9820.08 21983.8 4.89484
3.581 0.278461 0.134815 0.0289011 12145.2 9843.29 21988.5 4.88739
3.582 0.277916 0.131391 0.0274315 12118.7 9877.02 21995.7 4.87672
3.583 0.276686 0.131369 0.0255775 12085.9 9907.43 21993.3 4.86353
3.584 0.267457 0.133427 0.0227141 12048.7 9943.45 21992.2 4.84857
3.585 0.261676 0.135012 0.0248528 12009.7 9980.11 21989.8 4.83288
3.586 0.261032 0.134822 0.0203071 11972.6 10045.7 22018.3 4.81795
3.587 0.255788 0.137865 0.0181775 11941.9 10056.4 21998.3 4.80557
3.588 0.243749 0.140926 0.0197272 11921.7 10058.8 21980.5 4.79747
3.589 0.241839 0.147844 0.0232069 11914.8 10065.6 21980.4 4.7947
3.59 0.237542 0.152767 0.0254624 11921.6 10047 21968.5 4.79741
3.591 0.239236 0.151187 0.0240843 11939.4 10029 21968.5 4.8046
3.592 0.232025 0.150767 0.0248721 11964 10011.5 21975.5 4.8145
3.593 0.230332 0.153691 0.0216029 11990.2 9990.09 21980.3 4.82502
3.594 0.23779 0.154845 0.0242932 12013.4 9958.42 21971.9 4.83438
3.595 0.238417 0.14917 0.0198605 12031.1 9959.75 21990.9 4.8415
3.596 0.241238 0.148847 0.022012 12042.9 9963.49 22006.4 4.84625
3.597 0.244786 0.147369 0.0267739 12050.6 9939.21 21989.8 4.84934
3.598 0.238442 0.1461 0.0216384 12057.2 9945.75 22003 4.852
3.599 0.244345 0.149032 0.0184455 12065.6 9937.35 22003 4.85539
3.6 0.247217 0.155378 0.0125661 12077 9937.89 22014.9 4.85995
3.601 0.244985 0.154592 0.0107245 12090.2 9924.59 22014.8 4.86528
3.602 0.247396 0.151741 0.01372 12102.4 9917.08 22019.5 4.87018
3.603 0.244084 0.150767 0.0128331 12109.6 9914.55 22024.2 4.8731
3.604 0.241754 0.154862 0.0144114 12108.8 9913.01 22021.8 4.87277
3.605 0.242145 0.157406 0.0163445 12099 9890.85 21989.9 4.86883
3.606 0.247894 0.161993 0.0153252 12082.3 9920.67 22003 4.8621
3.607 0.251771 0.165799 0.0142652 12063.2 9951.68 22014.9 4.85442
3.608 0.249152 0.167056 0.0132467 12047.7 9966.16 22013.9 4.84817
3.609 0.251141 0.16817 0.0163289 12040.9 9945.73 21986.6 4.84542
3.61 0.249856 0.172329 0.0178577 12045.4 9935.22 21980.6 4.84723
3.611 0.254499 0.173655 0.0155889 12060.9 9920.92 21981.8 4.85347
3.612 0.260603 0.169634 0.0154277 12084.2 9887.92 21972.2 4.86288
3.613 0.262806 0.168658 0.0137674 12111.3 9858.48 21969.8 4.87376
3.614 0.265687 0.164944 0.0150443 12138.1 9845.88 21984 4.88454
3.615 0.261994 0.165752 0.0172206 12161.9 9829.18 21991.1 4.89413
3.616 0.256253 0.165196 0.0208044 12181.4 9800.29 21981.7 4.90198
3.617 0.252589 0.166131 0.0201044 12196.3 9774.69 21971 4.90799
3.618 0.250076 0.163932 0.015584 12206.8 9772.45 21979.3 4.9122
3.619 0.25058 0.165576 0.0152856 12212.6 9785.64 21998.2 4.91453
3.62 0.244358 0.165276 0.0184012 12212.4 9781.18 21993.5 4.91443
3.621 0.243758 0.171556 0.0169078 12204.2 9791.71 21995.9 4.91115
3.622 0.244876 0.1727 0.0161753 12186.8 9812.69 21999.4 4.90413
3.623 0.24185 0.172904 0.0123911 12159.9 9868.05 22028 4.89333
3.624 0.243752 0.169704 0.0103746 12124.8 9916.27 22041 4.87918
3.625 0.245541 0.167048 0.011703 12082.7 9951.21 22033.9 4.86225
3.626 0.244631 0.169113 0.0192118 12034.5 9992.33 22026.9 4.84287
3.627 0.240841 0.165543 0.0171833 11980.2 10033.6 22013.8 4.82101
3.628 0.240357 0.163554 0.0150909 11919.2 10098.1 22017.3 4.79644
3.629 0.237895 0.164083 0.0230265 11851.3 10149.4 22000.7 4.76914
3.63 0.239605 0.160471 0.0281162 11777.6 10211.2 21988.8 4.73949
3.631 0.238959 0.155568 0.0271127 11700.7 10275.2 21975.9 4.70855
3.632 0.241596 0.158728 0.0204084 11625.3 10360.2 21985.4 4.67818
3.633 0.240276 0.159766 0.0227154 11557 10446.3 22003.4 4.65072
3.634 0.235187 0.157162 0.0272263 11501.4 10484.2 21985.6 4.62833
3.635 0.237109 0.155951 0.0294244 11461.6 10522.8 21984.4 4.61232
3.636 0.236613 0.159618 0.0309447 11437.8 10564.4 22002.2 4.60273
3.637 0.236649 0.157254 0.0284127 11427.5 10550.9 21978.4 4.59858
3.638 0.234025 0.160049 0.0310583 11426.5 10566 21992.5 4.59819
3.639 0.239516 0.157188 0.0338233 11430.4 10536 21966.4 4.59976
3.64 0.241882 0.155069 0.0385344 11435.3 10532.2 21967.5 4.60172
3.641 0.246516 0.155777 0.0419374 11438.4 10514.8 21953.3 4.60299
3.642 0.245557 0.150704 0.0460782 11439 10523.8 21962.8 4.60322
3.643 0.246907 0.146735 0.0438461 11438.3 10506.7 21945 4.60293
3.644 0.244142 0.149102 0.0491858 11439.7 10491.1 21930.8 4.60349
3.645 0.248209 0.145319 0.0507092 11447.8 10487.8 21935.6 4.60676
3.646 0.244108 0.144765 0.0537419 11466.4 10462.1 21928.5 4.61423
3.647 0.246171 0.143657 0.0551753 11496.7 10428.1 21924.9 4.62645
3.648 0.246461 0.146635 0.0606484 11536.6 10406.1 21942.7 4.64249
3.649 0.248999 0.14329 0.060719 11580.5 10332.4 21912.9 4.66015
3.65 0.25124 0.148114 0.0634604 11621.8 10288.5 21910.3 4.67679
3.651 0.248334 0.146705 0.0609827 11654.9 10275.6 21930.5 4.69009
3.652 0.250115 0.152644 0.0602407 11675.6 10245.4 21921 4.69843
3.653 0.251493 0.14985 0.0595541 11681.6 10246.5 21928.1 4.70085
3.654 0.251694 0.152252 0.0593519 11671.3 10298.2 21969.5 4.69671
3.655 0.249372 0.14263 0.0588961 11643.5 10332 21975.5 4.68551
3.656 0.248631 0.138803 0.0553923 11597.5 10387.5 21985 4.667
3.657 0.251376 0.13893 0.0623484 11534.6 10436.2 21970.8 4.64167
3.658 0.255543 0.142083 0.0672779 11458.9 10520.4 21979.3 4.61122
3.659 0.261544 0.142277 0.0686045 11377.6 10612.4 21990.1 4.57852
3.66 0.26284 0.14084 0.0655594 11300.2 10686.5 21986.7 4.54736
3.661 0.266603 0.136052 0.0644989 11236.2 10754.2 21990.4 4.52159
3.662 0.263589 0.137268 0.0696602 11193.1 10806.8 22000 4.50428
3.663 0.266149 0.141103 0.0701523 11175.3 10819.8 21995.1 4.4971
3.664 0.265512 0.146132 0.0742435 11182.6 10829.1 22011.8 4.50006
3.665 0.264619 0.147075 0.0734606 11211.8 10805.8 22017.6 4.51178
3.666 0.25961 0.152121 0.0715628 11257.5 10765.9 22023.5 4.53019
3.667 0.263441 0.151295 0.0690017 11314.1 10705.7 22019.8 4.55294
3.668 0.261985 0.148098 0.067986 11376.4 10612.6 21989 4.57802
3.669 0.263001 0.148427 0.0708928 11440.2 10552.3 21992.5 4.6037
3.67 0.272738 0.146739 0.0723958 11502 10496.4 21998.4 4.62856
3.671 0.276411 0.151151 0.0787396 11558.4 10419.7 21978.2 4.65128
3.672 0.27641 0.155833 0.0757184 11605.7 10362.9 21968.6 4.67031
3.673 0.281454 0.156217 0.0773759 11639.5 10330.1 21969.6 4.68389
3.674 0.273356 0.15121 0.0730147 11655.6 10320 21975.5 4.69037
3.675 0.273452 0.14683 0.0738473 11650.8 10315.2 21966 4.68846
3.676 0.272586 0.149703 0.0773969 11624.3 10350 21974.3 4.67779
3.677 0.26936 0.149782 0.0752378 11578.2 10400.9 21979.1 4.65924
3.678 0.271265 0.152306 0.0747204 11517.4 10464.2 21981.6 4.63475
3.679 0.265308 0.14786 0.0786247 11448.6 10522.3 21970.9 4.60709
3.68 0.266342 0.152768 0.0721064 11379.2 10571.6 21950.9 4.57916
3.681 0.262769 0.153863 0.0719562 11315.7 10619.8 21935.5 4.55362
3.682 0.264683 0.149567 0.072113 11263.7 10687.4 21951 4.53266
3.683 0.266297 0.148292 0.0776532 11227.5 10716.4 21943.9 4.51809
3.684 0.268096 0.150267 0.0782778 11210.8 10711.9 21922.6 4.51137
3.685 0.269919 0.149702 0.081475 11215.6 10708.2 21923.8 4.51332
3.686 0.270164 0.149225 0.0787005 11241.9 10670 21911.9 4.52389
3.687 0.263512 0.146 0.0828853 11286.9 10611.8 21898.7 4.54201
3.688 0.261805 0.146349 0.079706 11346.5 10549.8 21896.2 4.56598
3.689 0.260081 0.147992 0.0798965 11415.9 10500.4 21916.3 4.59394
3.69 0.258265 0.145715 0.0763221 11491.8 10428.1 21919.9 4.62448
3.691 0.261941 0.149621 0.0735741 11572 10346.7 21918.7 4.65676
3.692 0.260997 0.15064 0.0735737 11655.6 10266.7 21922.3 4.69037
3.693 0.266329 0.148311 0.076913 11741.4 10166.6 21908 4.7249
3.694 0.272647 0.147932 0.0723628 11827.7 10075.6 21903.2 4.75963
3.695 0.272078 0.147211 0.06823 11911.4 9994.19 21905.6 4.79331
3.696 0.278431 0.145364 0.0609355 11988.2 9907.82 21896 4.82422
3.697 0.280373 0.144173 0.0559197 12052.8 9813.4 21866.2 4.85024
3.698 0.280108 0.143647 0.0538788 12099.9 9754.48 21854.3 4.86916
3.699 0.282609 0.141601 0.0547423 12124.2 9728.86 21853.1 4.87896
3.7 0.285935 0.145203 0.0573868 12122.3 9744.92 21867.2 4.87817
3.701 0.288969 0.145353 0.0608273 12092.3 9770.24 21862.5 4.86611
3.702 0.292458 0.141194 0.0638928 12034.7 9824.43 21859.1 4.84292
3.703 0.293012 0.141384 0.0628672 11952.3 9915.19 21867.5 4.80978
3.704 0.29334 0.140167 0.0640363 11850.2 10029.2 21879.4 4.76871
3.705 0.292523 0.141733 0.0619879 11735.5 10160.6 21896.2 4.72255
3.706 0.292902 0.146516 0.063795 11616.2 10287.2 21903.4 4.67453
3.707 0.294559 0.143864 0.0631704 11500.6 10411.2 21911.8 4.62802
3.708 0.293707 0.142303 0.064762 11396.8 10531.8 21928.6 4.58623
3.709 0.292744 0.140824 0.0666636 11311.5 10626.6 21938.1 4.55189
3.71 0.29455 0.142568 0.0636108 11250 10687 21936.9 4.52716
3.711 0.294287 0.142285 0.0616968 11215.5 10734.5 21949.9 4.51326
3.712 0.295875 0.141876 0.0626748 11208.6 10750.9 21959.4 4.5105
3.713 0.296047 0.141538 0.0635979 11228 10744.5 21972.5 4.51831
3.714 0.299727 0.135509 0.0613256 11270.7 10723.1 21993.8 4.5355
3.715 0.300771 0.134373 0.0609612 11333 10647.7 21980.7 4.56054
3.716 0.299551 0.133208 0.0562081 11410 10544.4 21954.5 4.59157
3.717 0.299361 0.126049 0.0537324 11496.5 10460.2 21956.7 4.62635
3.718 0.300746 0.122128 0.0535529 11585.7 10350.7 21936.4 4.66227
3.719 0.297952 0.124712 0.0502269 11671.6 10261.1 21932.8 4.69683
3.72 0.295201 0.121271 0.0515726 11750 10182.8 21932.8 4.72837
3.721 0.296589 0.118254 0.0507591 11819.8 10123.7 21943.5 4.75647
3.722 0.299333 0.117186 0.0534158 11882.6 10038.4 21921 4.78175
3.723 0.302302 0.123298 0.0514693 11940.1 9997.43 21937.6 4.80489
3.724 0.302139 0.126407 0.046452 11991.9 9957.48 21949.4 4.82573
3.725 0.299536 0.130391 0.0359416 12036 9926.42 21962.5 4.84347
3.726 0.298647 0.133848 0.0356231 12070.7 9919.04 21989.8 4.85743
3.727 0.29933 0.129972 0.0303476 12095.8 9866.6 21962.4 4.86754
3.728 0.302527 0.131059 0.0207603 12112.1 9857.45 21969.6 4.87409
3.729 0.305129 0.13346 0.0197361 12119.9 9856.76 21976.7 4.87722
3.73 0.306092 0.130012 0.0195882 12118.6 9852.22 21970.8 4.87669
3.731 0.304861 0.129768 0.0183465 12106.6 9870.06 21976.7 4.87188
3.732 0.304237 0.131232 0.0153692 12083 9899.58 21982.6 4.86239
3.733 0.307077 0.130641 0.0155436 12047.9 9946.59 21994.5 4.84826
3.734 0.306192 0.131835 0.0156704 12003 9974.97 21977.9 4.83017
3.735 0.305995 0.134071 0.0154244 11950.9 10041.4 21992.3 4.80922
3.736 0.30804 0.134168 0.014979 11895.7 10100.2 21995.8 4.78699
3.737 0.310183 0.133778 0.0177222 11842.2 10162.1 22004.3 4.76548
3.738 0.307585 0.135077 0.0159403 11796.3 10194.9 21991.2 4.74702
3.739 0.308929 0.137156 0.0143906 11763.1 10224.6 21987.7 4.73365
3.74 0.308869 0.137911 0.0122802 11745.5 10243.4 21989 4.72657
3.741 0.310944 0.139261 0.0124032 11743.8 10254.7 21998.5 4.72587
3.742 0.311595 0.140115 0.0144688 11755.8 10234.2 21990 4.7307
3.743 0.310114 0.137597 0.0131957 11778.4 10210.4 21988.8 4.7398
3.744 0.313399 0.137764 0.0162019 11808 10189.1 21997 4.7517
3.745 0.314975 0.131652 0.0158162 11841.1 10151.2 21992.3 4.76501
3.746 0.314065 0.127385 0.0107537 11874.5 10103.5 21978 4.77849
3.747 0.316628 0.123257 0.00994956 11905.8 10075.8 21981.6 4.79105
3.748 0.316367 0.121252 0.0104416 11932.1 10045.8 21977.9 4.80167
3.749 0.31505 0.121815 0.00651967 11951.5 10006.3 21957.8 4.80945
3.75 0.30868 0.120547 0.00424898 11962.3 9989.49 21951.7 4.81379
3.751 0.308969 0.123579 0.00646932 11964 9987.8 21951.8 4.81448
3.752 0.307486 0.126904 0.00466116 11957.2 10005.4 21962.5 4.81173
3.753 0.3114 0.12244 0.00557438 11942.7 10029.3 21972 4.80591
3.754 0.308329 0.120907 0.0069392 11920.9 10039.2 21960.1 4.79715
3.755 0.307738 0.123177 0.00630194 11891.4 10067.5 21959 4.78528
3.756 0.308487 0.124662 0.00535613 11853.1 10103.4 21956.5 4.76988
3.757 0.308547 0.120177 0.00951415 11805.4 10157.1 21962.6 4.75068
3.758 0.310671 0.121467 0.00467676 11749.2 10217 21966.2 4.72804
3.759 0.308979 0.124151 0.00675172 11687 10272.1 21959.1 4.703
3.76 0.309126 0.120964 0.00453013 11623.1 10359.9 21982.9 4.6773
3.761 0.308863 0.120661 0.00706244 11563.2 10425.8 21989 4.6532
3.762 0.306532 0.120605 0.0103574 11514.1 10471.5 21985.6 4.63344
3.763 0.302678 0.122781 0.0108231 11482.7 10518.3 22001 4.62082
3.764 0.30796 0.120334 0.0072974 11474.3 10522.1 21996.4 4.61741
3.765 0.305494 0.119102 0.0109748 11489 10510.9 21999.9 4.62335
3.766 0.300917 0.125062 0.0144309 11521.6 10471 21992.6 4.63644
3.767 0.298413 0.12841 0.0152463 11562.6 10414.3 21976.9 4.65297
3.768 0.301673 0.128193 0.0159138 11602.3 10388.8 21991.1 4.66892
3.769 0.30691 0.125345 0.0126836 11633 10334.2 21967.3 4.6813
3.77 0.305117 0.132727 0.0114992 11651.5 10302.8 21954.3 4.68872
3.771 0.306257 0.134469 0.0114057 11658.1 10292.6 21950.7 4.69139
3.772 0.305707 0.135695 0.0100095 11656.9 10286.9 21943.7 4.69089
3.773 0.303369 0.140331 0.00918674 11653 10302.7 21955.8 4.68935
3.774 0.305422 0.139341 0.00921059 11651.5 10322.1 21973.6 4.68871
3.775 0.302225 0.141394 0.0127068 11655.1 10296 21951.1 4.69016
3.776 0.29594 0.138646 0.0131955 11665.1 10288.3 21953.4 4.6942
3.777 0.290004 0.136394 0.0121055 11681.8 10269.3 21951.1 4.70092
3.778 0.289812 0.141273 0.0112967 11705 10249.7 21954.7 4.71026
3.779 0.286863 0.141688 0.0127287 11734 10231.3 21965.3 4.72193
3.78 0.291723 0.14114 0.0166168 11766.1 10194.4 21960.5 4.73485
3.781 0.286783 0.1396 0.0156243 11795.6 10183.7 21979.3 4.74671
3.782 0.28202 0.141186 0.0165718 11813.5 10178.7 21992.2 4.75391
3.783 0.28354 0.141088 0.0257137 11809.9 10162 21971.9 4.75246
3.784 0.281017 0.141366 0.0313003 11777.9 10185.7 21963.6 4.7396
3.785 0.280125 0.147086 0.0346158 11716.4 10236.6 21953 4.71485
3.786 0.281049 0.148576 0.0355296 11631.3 10323.1 21954.4 4.6806
3.787 0.281463 0.152267 0.0360651 11533.8 10436.3 21970.1 4.64136
3.788 0.280278 0.155526 0.0363805 11437.1 10548.6 21985.7 4.60244
3.789 0.276304 0.158235 0.0314934 11352.9 10629.3 21982.2 4.56857
3.79 0.274511 0.162782 0.030957 11289.2 10702.6 21991.8 4.54295
3.791 0.27459 0.162008 0.0313439 11250.2 10746.3 21996.6 4.52725
3.792 0.27302 0.162472 0.0310354 11237.3 10752 21989.4 4.52206
3.793 0.272123 0.163246 0.0248094 11251 10736.1 21987 4.52755
3.794 0.277604 0.166163 0.0190902 11291.5 10675.4 21966.9 4.54386
3.795 0.276772 0.160546 0.0180511 11358.8 10599.7 21958.5 4.57094
3.796 0.273398 0.162431 0.0207087 11450.6 10513.8 21964.3 4.60787
3.797 0.273761 0.159553 0.0220195 11560.9 10410.5 21971.4 4.65229
3.798 0.27956 0.150688 0.0220443 11680 10303 21983.1 4.70022
3.799 0.280062 0.145538 0.0157576 11796.5 10206.6 22003.1 4.74707
3.8 0.285386 0.137519 0.0180655 11899.6 10095 21994.6 4.78857
3.801 0.284967 0.139663 0.0175534 11981.5 10027.3 22008.9 4.82154
3.802 0.285005 0.139379 0.0218897 12037.6 9973.57 22011.2 4.84412
3.803 0.280907 0.135992 0.0181265 12066.6 9941.1 22007.7 4.85578
3.804 0.281437 0.133821 0.0153933 12069.3 9951.47 22020.8 4.85688
3.805 0.279995 0.132445 0.0198984 12048 9972.85 22020.9 4.84829
3.806 0.276139 0.132199 0.0208425 12005.4 10016.7 22022.1 4.83114
3.807 0.275777 0.13396 0.0234403 11944.4 10066.9 22011.3 4.80661
3.808 0.278094 0.135222 0.025527 11868.5 10160.7 22029.2 4.77605
3.809 0.282285 0.137387 0.0281591 11781.9 10246.3 22028.1 4.74119
3.81 0.283036 0.136393 0.0335255 11689.9 10334.8 22024.7 4.70419
3.811 0.282248 0.134459 0.0346584 11599 10436.4 22035.4 4.66762
3.812 0.284919 0.136992 0.0352924 11515.7 10506.8 22022.4 4.63407
3.813 0.280292 0.139312 0.0392988 11445.4 10585.4 22030.8 4.60579
3.814 0.278482 0.135731 0.0455406 11393 10628.4 22021.4 4.5847
3.815 0.279855 0.130591 0.0450552 11362 10650 22012 4.57221
3.816 0.281167 0.127267 0.0456102 11354.6 10657.3 22012 4.56927
3.817 0.284243 0.125396 0.0424967 11371.4 10639.3 22010.7 4.57603
3.818 0.279507 0.1227 0.0381204 11410.1 10594.6 22004.7 4.59159
3.819 0.278007 0.127173 0.0346907 11465.5 10532.1 21997.6 4.61388
3.82 0.279204 0.128898 0.039161 11530 10472.2 22002.2 4.63986
3.821 0.277894 0.126544 0.042064 11595.5 10394.7 21990.2 4.66621
3.822 0.277145 0.127899 0.033572 11654.9 10326.9 21981.8 4.6901
3.823 0.27538 0.128895 0.0371068 11703.4 10267.7 21971.1 4.70964
3.824 0.272212 0.127381 0.0323308 11739.2 10240.3 21979.4 4.72402
3.825 0.272342 0.126777 0.0297487 11762.3 10220.7 21983 4.73333
3.826 0.268085 0.122273 0.0256841 11774.5 10201.4 21975.9 4.73825
3.827 0.268417 0.116971 0.0252397 11778 10189.6 21967.7 4.73965
3.828 0.27308 0.122498 0.0288677 11775.2 10200.8 21976 4.73851
3.829 0.277772 0.122552 0.0284081 11768.4 10204.1 21972.5 4.73579
3.83 0.280089 0.118353 0.0289745 11760.2 10217.1 21977.3 4.73249
3.831 0.278705 0.112876 0.0330243 11753 10190 21942.9 4.72957
3.832 0.275337 0.110313 0.0384541 11748.1 10193.6 21941.7 4.72762
3.833 0.280713 0.109082 0.0439863 11746.3 10177.6 21923.9 4.72689
3.834 0.27769 0.111228 0.0382996 11747.3 10163.5 21910.8 4.72727
3.835 0.274538 0.106881 0.0382457 11750.4 10163.9 21914.4 4.72855
3.836 0.275873 0.112489 0.038825 11755.6 10163.5 21919.1 4.73063
3.837 0.274202 0.110357 0.039278 11763.1 10157 21920.2 4.73366
3.838 0.275489 0.103677 0.0370488 11773.5 10143.2 21916.7 4.73783
3.839 0.272997 0.101791 0.0377054 11786.7 10116.8 21903.5 4.74314
3.84 0.273746 0.101879 0.0413237 11801.5 10110.4 21911.8 4.74908
3.841 0.271184 0.0997782 0.0424633 11815.7 10086.6 21902.3 4.75481
3.842 0.269635 0.100567 0.0471945 11827.6 10079.4 21907 4.75958
3.843 0.271508 0.105513 0.0438199 11837 10077.3 21914.2 4.76336
3.844 0.276439 0.106152 0.0437174 11845.4 10059.3 21904.7 4.76677
3.845 0.276547 0.106382 0.0462055 11854.9 10047.5 21902.4 4.77059
3.846 0.27554 0.108567 0.0525532 11865.9 10037.7 21903.6 4.77499
3.847 0.275402 0.111437 0.0566769 11877.2 10024 21901.2 4.77955
3.848 0.273901 0.114688 0.0555077 11886.9 10028.6 21915.4 4.78345
3.849 0.276392 0.112891 0.0533838 11893.3 10015 21908.3 4.78602
3.85 0.273922 0.112731 0.0553589 11895.2 10009.5 21904.7 4.78681
3.851 0.273678 0.117662 0.0542879 11892.4 10026.7 21919.1 4.78567
3.852 0.276347 0.122692 0.0612526 11885.4 10027.6 21913.1 4.78288
3.853 0.276506 0.120567 0.0639553 11876 10044.2 21920.3 4.77909
3.854 0.278006 0.118787 0.0588467 11866.5 10065.6 21932.2 4.77527
3.855 0.277329 0.120683 0.0579574 11859.7 10089.1 21948.8 4.7725
3.856 0.282485 0.122921 0.0591877 11857.5 10079.6 21937 4.77161
3.857 0.288883 0.123883 0.0541379 11860.7 10070.4 21931 4.7729
3.858 0.287479 0.121048 0.0582263 11868.6 10072 21940.6 4.77608
3.859 0.292084 0.122082 0.0599802 11879.1 10048.4 21927.5 4.78031
3.86 0.288508 0.12459 0.0647418 11889.2 10038.2 21927.4 4.7844
3.861 0.290437 0.124501 0.0720298 11896.1 10019.5 21915.6 4.78717
3.862 0.285528 0.122531 0.0705028 11897.5 10034.7 21932.2 4.78773
3.863 0.283297 0.117029 0.0776925 11892.6 10030 21922.6 4.78574
3.864 0.280989 0.119789 0.079205 11881.7 10033.8 21915.6 4.78139
3.865 0.283037 0.123757 0.0775667 11866.3 10030.2 21896.6 4.77518
3.866 0.282498 0.125679 0.0787235 11847.6 10054.9 21902.4 4.76764
3.867 0.280627 0.12588 0.0740801 11826 10071.7 21897.7 4.75895
3.868 0.280253 0.131 0.0699478 11800.6 10118.3 21919 4.74875
3.869 0.280326 0.132674 0.0651623 11769.9 10130.1 21900 4.73637
3.87 0.281717 0.13376 0.056294 11732.3 10185.6 21917.9 4.72126
3.871 0.288478 0.132407 0.0466504 11687.9 10219.4 21907.2 4.70336
3.872 0.289514 0.131425 0.0417609 11638.3 10233.3 21871.6 4.68342
3.873 0.289235 0.130578 0.0449214 11587.2 10285.7 21873 4.66287
3.874 0.289073 0.135444 0.0396543 11539.5 10320.4 21860 4.64368
3.875 0.28988 0.136938 0.0347372 11501.1 10372 21873.1 4.62821
3.876 0.29716 0.133004 0.0356136 11477.8 10388.2 21866 4.61885
3.877 0.308595 0.137222 0.0381695 11474.5 10402.3 21876.8 4.6175
3.878 0.317039 0.142942 0.0343744 11493.3 10402.4 21895.7 4.62505
3.879 0.320986 0.145231 0.0361892 11532.9 10355.7 21888.6 4.64101
3.88 0.318245 0.146039 0.0365906 11588.9 10311.5 21900.4 4.66353
3.881 0.313686 0.144634 0.0354081 11654.9 10247.8 21902.7 4.6901
3.882 0.311537 0.144559 0.0289958 11724.6 10197.1 21921.7 4.71815
3.883 0.309126 0.139045 0.0275521 11792.5 10111.2 21903.8 4.74549
3.884 0.311761 0.139383 0.0281271 11855.3 10067.5 21922.8 4.77073
3.885 0.311283 0.138565 0.0295119 11911 10026 21937 4.79315
3.886 0.311525 0.142555 0.0322661 11959.2 9958.81 21918 4.81255
3.887 0.308806 0.147016 0.0329775 12000.3 9941.42 21941.7 4.82911
3.888 0.310139 0.149403 0.0319523 12034.7 9904.71 21939.4 4.84294
3.889 0.311689 0.150771 0.0308524 12062.1 9886.75 21948.9 4.85397
3.89 0.312498 0.154668 0.0264389 12081.8 9849.23 21931.1 4.8619
3.891 0.312078 0.158734 0.0235119 12092.7 9846.59 21939.3 4.86628
3.892 0.315744 0.158464 0.0257049 12093.5 9862.42 21955.9 4.86661
3.893 0.320647 0.160666 0.0233358 12083.5 9890.25 21973.8 4.86258
3.894 0.320101 0.160628 0.0164425 12062.8 9901.55 21964.4 4.85425
3.895 0.321536 0.158244 0.0151502 12033 9937.17 21970.2 4.84227
3.896 0.317336 0.156283 0.0113076 11997.7 9964.35 21962 4.82804
3.897 0.310936 0.16212 0.0121917 11961.5 9993.45 21955 4.8135
3.898 0.309361 0.163237 0.00714469 11929.5 10025.5 21955 4.80061
3.899 0.310152 0.161628 0.00459743 11905.2 10049.9 21955.1 4.79083
3.9 0.311748 0.15863 -0.0019815 11889.5 10069.1 21958.6 4.7845
3.901 0.310643 0.157464 0.000318766 11880.7 10087.4 21968 4.78095
3.902 0.311482 0.159278 0.000743628 11875.2 10111.7 21986.9 4.77877
3.903 0.314822 0.155418 0.00161505 11869.6 10126.8 21996.4 4.7765
3.904 0.314302 0.155635 0.00353098 11861.3 10135.1 21996.4 4.77317
3.905 0.312689 0.154963 0.00467539 11849.7 10158.6 22008.3 4.76849
3.906 0.317738 0.152022 0.0122623 11836.1 10165.1 22001.2 4.763
3.907 0.315901 0.152832 0.0117273 11822.7 10172.6 21995.4 4.75764
3.908 0.32003 0.151406 0.0127954 11812.3 10202 22014.3 4.75343
3.909 0.323136 0.155333 0.0146923 11806.5 10203 22009.6 4.75113
3.91 0.322205 0.153326 0.010334 11806.1 10204.8 22010.8 4.75093
3.911 0.317583 0.15384 0.0033536 11810.2 10204.1 22014.3 4.7526
3.912 0.31215 0.157011 -0.000400066 11818 10204.6 22022.6 4.75575
3.913 0.305028 0.158553 0.00188684 11828.8 10169 21997.7 4.76007
3.914 0.299492 0.16093 0.00468016 11842.1 10155.6 21997.8 4.76545
3.915 0.302632 0.157252 -0.000227451 11858.2 10147.9 22006.1 4.77191
3.916 0.305272 0.159691 -0.000148296 11877 10146.9 22023.9 4.77947
3.917 0.305277 0.170928 0.00493288 11898.3 10129.1 22027.4 4.78803
3.918 0.304034 0.169825 0.00455904 11921.2 10114.4 22035.7 4.79727
3.919 0.303306 0.168032 -0.00128603 11944.6 10087.6 22032.2 4.80668
3.92 0.30791 0.167013 0.00466967 11966.8 10053.5 22020.3 4.81562
3.921 0.309308 0.168162 0.0111232 11986.4 10043.3 22029.7 4.82351
3.922 0.308569 0.168919 0.00665998 12002.3 10041.7 22044 4.82991
3.923 0.310374 0.164155 0.00737333 12013.9 10038.4 22052.3 4.83458
3.924 0.314434 0.159384 0.00868273 12021.3 10028.7 22050 4.83756
3.925 0.311635 0.15845 0.0075078 12025.1 10007.1 22032.2 4.83909
3.926 0.309436 0.162037 0.00764608 12026.8 9997.19 22024 4.83975
3.927 0.309105 0.161892 0.0118766 12028 9998.45 22026.4 4.84022
3.928 0.309808 0.167766 0.0115838 12030 10003.4 22033.5 4.84106
3.929 0.314753 0.173391 0.0100703 12033.4 9992.98 22026.3 4.8424
3.93 0.31642 0.172087 0.00660086 12036.4 9980.39 22016.8 4.84362
3.931 0.315456 0.170448 0.0116496 12036.2 9980.49 22016.7 4.84355
3.932 0.319697 0.17107 0.00661516 12028.8 9992.52 22021.4 4.84058
3.933 0.32709 0.174636 0.00687075 12010.3 9996.75 22007 4.83311
3.934 0.333411 0.17498 0.0074172 11977.4 10042.7 22020.1 4.81987
3.935 0.336211 0.173589 0.00249815 11928.4 10083.3 22011.7 4.80017
3.936 0.332475 0.170554 0.000763416 11863.2 10153.3 22016.5 4.77392
3.937 0.333347 0.172403 0.00409937 11783.4 10237.9 22021.3 4.7418
3.938 0.333994 0.170963 0.00522232 11693 10317.6 22010.7 4.70544
3.939 0.331772 0.168647 0.00283527 11598.9 10409.5 22008.4 4.66756
3.94 0.325958 0.165722 -0.00130272 11510.1 10505.5 22015.7 4.63184
3.941 0.322099 0.166032 0.00064683 11436.6 10588.7 22025.3 4.60226
3.942 0.322023 0.171769 0.00252891 11386.6 10637.6 22024.2 4.58213
3.943 0.319688 0.17473 0.00108588 11364.2 10655.2 22019.4 4.5731
3.944 0.321432 0.174645 -0.000443101 11368.2 10649.8 22018 4.57471
3.945 0.321524 0.166747 -0.000342965 11393.2 10640.2 22033.4 4.5848
3.946 0.318639 0.171128 0.00411022 11432.3 10580.9 22013.2 4.60052
3.947 0.316168 0.172715 0.00488177 11479.4 10523.1 22002.5 4.61948
3.948 0.314214 0.17473 -0.00118333 11530.8 10491.8 22022.6 4.64016
3.949 0.312431 0.176183 0.00339806 11583.9 10445.8 22029.7 4.66153
3.95 0.314596 0.17779 0.00234866 11635.8 10377.2 22013 4.68241
3.951 0.314309 0.18226 0.00567412 11683.2 10332.2 22015.3 4.70148
3.952 0.313914 0.187176 0.00326419 11723.3 10289.7 22013 4.71763
3.953 0.313642 0.191781 0.00322604 11755.6 10268.1 22023.7 4.73063
3.954 0.308419 0.186689 0.00319791 11781.5 10237.5 22019 4.74103
3.955 0.310449 0.187139 0.00500894 11802.9 10207.7 22010.6 4.74966
3.956 0.315195 0.183787 0.00522304 11821.4 10186.9 22008.2 4.75709
3.957 0.312532 0.182585 -0.000232935 11836.9 10160.7 21997.5 4.76333
3.958 0.316177 0.1825 -0.00755286 11848.5 10147.9 21996.3 4.768
3.959 0.315179 0.180204 -0.00408387 11855.2 10121 21976.2 4.77072
3.96 0.315396 0.184884 -0.00469947 11856.7 10132.6 21989.2 4.77129
3.961 0.31632 0.185439 -0.0017283 11853.1 10123.2 21976.3 4.76986
3.962 0.315242 0.182145 -0.000180006 11845.3 10133.3 21978.6 4.76672
3.963 0.312061 0.184948 -0.0025934 11834.4 10153.8 21988.1 4.76232
3.964 0.309285 0.18627 -0.00264466 11821.5 10183.3 22004.8 4.75715
3.965 0.308069 0.183625 -0.00297147 11807.8 10230.2 22038 4.75162
3.966 0.309777 0.179252 -0.00058955 11794.3 10243.7 22038 4.74619
3.967 0.309743 0.178586 0.00226808 11781.6 10251.7 22033.3 4.74107
3.968 0.312815 0.176362 0.00859025 11769.6 10263.6 22033.2 4.73627
3.969 0.320914 0.178453 0.0130563 11757.8 10270.6 22028.4 4.73152
3.97 0.327059 0.181605 0.0139614 11745 10275.1 22020.1 4.72637
3.971 0.327826 0.186459 0.0144864 11730.1 10278.1 22008.2 4.72036
3.972 0.32594 0.184074 0.0156031 11712.5 10273.2 21985.7 4.71329
3.973 0.326011 0.179081 0.0149841 11692.7 10290.5 21983.2 4.70532
3.974 0.326327 0.179123 0.016426 11671.5 10303.5 21975 4.69678
3.975 0.326156 0.181092 0.0195203 11649.5 10339.8 21989.3 4.68793
3.976 0.324468 0.182677 0.0219969 11626.8 10374.3 22001.1 4.67879
3.977 0.326516 0.184977 0.0246834 11602.9 10417.2 22020.1 4.66918
3.978 0.332388 0.190032 0.0240588 11577.4 10422.5 22000 4.65892
3.979 0.334772 0.192574 0.0295763 11550.8 10451.5 22002.3 4.64822
3.98 0.338059 0.189558 0.0279047 11525.1 10481.9 22007 4.63789
3.981 0.335181 0.190245 0.0219576 11503.9 10524.6 22028.5 4.62934
3.982 0.336175 0.188365 0.0226986 11491.1 10543.4 22034.5 4.6242
3.983 0.334202 0.185903 0.0269992 11489.7 10550.7 22040.4 4.62363
3.984 0.330441 0.183715 0.0334227 11500.5 10538.7 22039.2 4.62797
3.985 0.328557 0.184247 0.0381896 11522.6 10498.8 22021.3 4.63686
3.986 0.327223 0.184576 0.0397298 11554.2 10452.8 22007.1 4.64959
3.987 0.326587 0.187373 0.0371902 11593.5 10426.7 22020.1 4.66538
3.988 0.325777 0.188278 0.0367517 11637.1 10402 22039.1 4.68293
3.989 0.323594 0.193799 0.0401421 11679.8 10352.1 22031.9 4.70012
3.99 0.320385 0.19171 0.037559 11714.5 10319.6 22034.1 4.71409
3.991 0.317402 0.192792 0.0375257 11734.5 10303.1 22037.6 4.72213
3.992 0.318182 0.195609 0.0434139 11735.5 10304.4 22040 4.72254
3.993 0.320234 0.197986 0.0443499 11716.7 10301.9 22018.6 4.71498
3.9935 0.322308 0.200112 0.0467072 11700.6 10306.2 22006.8 4.70847
